Vertex , x , y , z 
0,-7.994449615478516,-1.9986153841018677,-0.6884694423661131
1,7.9930877685546875,-1.9982722997665405,-0.6884694423661131
2,-7.993095397949219,1.9982655048370361,-0.6884694423661131
3,7.994407653808594,1.9986050128936768,-0.6884694423661131
4,-7.99324893951416,1.7877371311187744,-0.6884694423661131
5,-7.992846488952637,1.5771958827972412,-0.6884742703425673
6,-7.991545677185059,1.3666775226593018,-0.6884926166530931
7,-7.989302635192871,1.1562016010284424,-0.688522550107109
8,-7.98603630065918,0.9457882642745972,-0.6885389652270533
9,-7.981878280639648,0.7354613542556763,-0.6885061349871648
10,-7.977418899536133,0.5252292156219482,-0.6883970227193004
11,-7.973692893981934,0.31506597995758057,-0.6882251467575315
12,-7.971461296081543,0.10492491722106934,-0.6880687203204161
13,-7.972023010253906,-0.10521465539932251,-0.6880233373417468
14,-7.974490165710449,-0.3153550624847412,-0.6881198968708304
15,-7.9785308837890625,-0.5255212187767029,-0.6882840480702725
16,-7.983277320861816,-0.7357607483863831,-0.6884308185544796
17,-7.987638473510742,-0.946099042892456,-0.6885080661777465
18,-7.991005897521973,-1.1565253734588623,-0.6885206189165274
19,-7.9932403564453125,-1.3670151233673096,-0.6885022726060015
20,-7.994441032409668,-1.5775448083877563,-0.6884810295096031
21,-7.994672775268555,-1.7880892753601074,-0.6884723391519856
22,-7.15234375,-1.998671054840088,-0.6884723391519856
23,-6.310166358947754,-1.998612880706787,-0.6884810295096031
24,-5.468048095703125,-1.9983129501342773,-0.6885022726060015
25,-4.6260881423950195,-1.9977538585662842,-0.6885206189165274
26,-3.7843828201293945,-1.9969112873077393,-0.6885080661777465
27,-2.94303035736084,-1.995821237564087,-0.6884308185544796
28,-2.1020727157592773,-1.994634747505188,-0.6882840480702725
29,-1.261408805847168,-1.9936232566833496,-0.6881198968708304
30,-0.42084789276123047,-1.9930055141448975,-0.6880243029370376
31,0.4197101593017578,-1.992863416671753,-0.6880687203204161
32,1.2602729797363281,-1.9934208393096924,-0.6882261123528224
33,2.1009254455566406,-1.9943525791168213,-0.6883970227193004
34,2.941854476928711,-1.995466947555542,-0.6885071005824557
35,3.783163070678711,-1.9965074062347412,-0.6885389652270533
36,4.62481689453125,-1.997324824333191,-0.688522550107109
37,5.466724395751953,-1.9978837966918945,-0.688493582248384
38,6.308803558349609,-1.9982051849365234,-0.6884742703425673
39,7.150970458984375,-1.9983123540878296,-0.6884694423661131
40,7.993202209472656,-1.7877435684204102,-0.6884694423661131
41,7.992815017700195,-1.5772020816802979,-0.6884742703425673
42,7.991512298583984,-1.3666836023330688,-0.688493582248384
43,7.989263534545898,-1.15620756149292,-0.688522550107109
44,7.985992431640625,-0.945794403553009,-0.6885389652270533
45,7.981830596923828,-0.7354679703712463,-0.6885061349871648
46,7.97736930847168,-0.525236189365387,-0.6883970227193004
47,7.973640441894531,-0.3150731921195984,-0.6882251467575315
48,7.971405029296875,-0.10493248701095581,-0.6880687203204161
49,7.971965789794922,0.10520672798156738,-0.688022371746456
50,7.974433898925781,0.3153468370437622,-0.6881198968708304
51,7.978475570678711,0.5255126953125,-0.6882840480702725
52,7.983222961425781,0.735751748085022,-0.6884308185544796
53,7.987585067749023,0.9460896253585815,-0.6885080661777465
54,7.990955352783203,1.1565158367156982,-0.6885206189165274
55,7.993192672729492,1.3670051097869873,-0.6885013070107107
56,7.99439811706543,1.5775346755981445,-0.6884810295096031
57,7.994630813598633,1.788079023361206,-0.6884723391519856
58,7.152301788330078,1.9986605644226074,-0.6884723391519856
59,6.310123443603516,1.9986021518707275,-0.6884810295096031
60,5.468006134033203,1.9983015060424805,-0.6885013070107107
61,4.626049041748047,1.99774169921875,-0.6885206189165274
62,3.784343719482422,1.9968981742858887,-0.6885080661777465
63,2.9429931640625,1.9958076477050781,-0.6884308185544796
64,2.1020355224609375,1.9946205615997314,-0.6882840480702725
65,1.2613716125488281,1.9936089515686035,-0.6881198968708304
66,0.42081260681152344,1.9929912090301514,-0.6880233373417468
67,-0.41974449157714844,1.9928491115570068,-0.6880687203204161
68,-1.2603063583374023,1.9934074878692627,-0.6882251467575315
69,-2.100958824157715,1.994339942932129,-0.6883970227193004
70,-2.9418859481811523,1.995455265045166,-0.6885061349871648
71,-3.7831907272338867,1.9964964389801025,-0.6885389652270533
72,-4.624842643737793,1.9973139762878418,-0.688522550107109
73,-5.4667463302612305,1.9978749752044678,-0.6884926166530931
74,-6.308819770812988,1.9982008934020996,-0.6884742703425673
75,-7.150984764099121,1.998302936553955,-0.6884694423661131
76,-7.152650833129883,-1.78816556930542,-0.6884839262954756
77,-7.152400016784668,-1.5776665210723877,-0.688493582248384
78,-7.151279449462891,-1.3671971559524536,-0.6884848918907664
79,-7.149158477783203,-1.156770944595337,-0.6884259905780254
80,-7.145888328552246,-0.9463924765586853,-0.6883091535478343
81,-7.141536712646484,-0.7360719442367554,-0.6881430711578105
82,-7.136695861816406,-0.5258053541183472,-0.6879682984101692
83,-7.132480621337891,-0.31556302309036255,-0.6878157343542171
84,-7.129878997802734,-0.10531121492385864,-0.6877066220863526
85,-7.1293487548828125,0.10496509075164795,-0.6876805510135
86,-7.131667137145996,0.3152199983596802,-0.6877664889943844
87,-7.135575294494629,0.5254634618759155,-0.6879451241231891
88,-7.1401214599609375,0.7357290983200073,-0.6881643142542089
89,-7.144266128540039,0.9460432529449463,-0.6883535709312127
90,-7.147463798522949,1.1564135551452637,-0.6884675111755314
91,-7.14961051940918,1.3668327331542969,-0.6885022726060015
92,-7.150812149047852,1.577293872833252,-0.6884955134389656
93,-7.1511993408203125,1.787790298461914,-0.6884800639143123
94,-6.310654640197754,-1.7881029844284058,-0.688493582248384
95,-6.310476303100586,-1.5776219367980957,-0.6884819951048939
96,-6.309474945068359,-1.367177128791809,-0.6884018506957545
97,-6.307497978210449,-1.156774878501892,-0.6882599081880016
98,-6.30435848236084,-0.946419358253479,-0.6881672110400814
99,-6.3000030517578125,-0.7361201643943787,-0.688334259025396
100,-6.2949419021606445,-0.5258658528327942,-0.68885857726832
101,-6.290404319763184,-0.31562840938568115,-0.6895258036142877
102,-6.287624359130859,-0.10535776615142822,-0.6898753491095704
103,-6.287105560302734,0.10497653484344482,-0.6896493998115147
104,-6.289586067199707,0.31524908542633057,-0.6890198316818896
105,-6.293798446655273,0.525488018989563,-0.6883825387899378
106,-6.298540115356445,0.7357420921325684,-0.688075479487452
107,-6.302711486816406,0.9460378885269165,-0.6881208624661213
108,-6.30580997467041,1.1563870906829834,-0.6883091535478343
109,-6.307826042175293,1.3667826652526855,-0.6884539928414597
110,-6.308921813964844,1.5772202014923096,-0.6885022726060015
111,-6.309213638305664,1.7876927852630615,-0.6884955134389656
112,-5.468777656555176,-1.7878224849700928,-0.6884848918907664
113,-5.468698501586914,-1.5773708820343018,-0.6884018506957545
114,-5.467827796936035,-1.3669588565826416,-0.6882212843763682
115,-5.466028213500977,-1.1565873622894287,-0.6880889978215237
116,-5.463035583496094,-0.9462612867355347,-0.6884385433168063
117,-5.458646774291992,-0.7359970211982727,-0.6897845831522318
118,-5.453240394592285,-0.5257888436317444,-0.6921763626876327
119,-5.448178291320801,-0.31560391187667847,-0.6947882979493443
120,-5.445120811462402,-0.10537022352218628,-0.696285936245431
121,-5.444628715515137,0.10495102405548096,-0.6958630055080448
122,-5.447366714477539,0.31518614292144775,-0.6937522142022772
123,-5.452054023742676,0.5253766775131226,-0.6910591689361354
124,-5.45711612701416,0.7355884313583374,-0.6890198316818896
125,-5.461339950561523,0.9458518028259277,-0.6881198968708304
126,-5.46433162689209,1.156172513961792,-0.6880571331769261
127,-5.466200828552246,1.3665392398834229,-0.6882840480702725
128,-5.467170715332031,1.5769457817077637,-0.6884539928414597
129,-5.467368125915527,1.7873914241790771,-0.6885022726060015
130,-4.627073287963867,-1.7872918844223022,-0.6884259905780254
131,-4.6270904541015625,-1.5768766403198242,-0.6882599081880016
132,-4.626341819763184,-1.3665087223052979,-0.6880889978215237
133,-4.624724388122559,-1.1561827659606934,-0.6883332934301052
134,-4.621919631958008,-0.9459083676338196,-0.6896397438586064
135,-4.617501258850098,-0.7357046604156494,-0.6922970620989872
136,-4.611603736877441,-0.5255836844444275,-0.6956129163277183
137,-4.605747222900391,-0.3155018091201782,-0.698218092422394
138,-4.602243423461914,-0.10536158084869385,-0.6994752974910625
139,-4.601768493652344,0.10489118099212646,-0.6995969624977079
140,-4.604963302612305,0.3150360584259033,-0.6981562943237805
141,-4.610369682312012,0.525130033493042,-0.6950567334401967
142,-4.615888595581055,0.7352608442306519,-0.6915265170569
143,-4.620175361633301,0.9454681873321533,-0.6890449371594514
144,-4.623022079467773,1.1557433605194092,-0.6880677547251253
145,-4.624732971191406,1.3660707473754883,-0.6880571331769261
146,-4.625589370727539,1.5764410495758057,-0.6883091535478343
147,-4.625692367553711,1.7868540287017822,-0.6884675111755314
148,-3.7855587005615234,-1.7864747047424316,-0.6883091535478343
149,-3.7856664657592773,-1.576092004776001,-0.6881672110400814
150,-3.785036087036133,-1.3657610416412354,-0.6884375777215155
151,-3.783623695373535,-1.155482530593872,-0.6896387782633155
152,-3.7810592651367188,-0.9452676177024841,-0.6915941087272586
153,-3.776653289794922,-0.7351491451263428,-0.6922719566214255
154,-3.7701358795166016,-0.5251622796058655,-0.6885621395140333
155,-3.763249397277832,-0.31527179479599,-0.6801691852460863
156,-3.759249687194824,-0.10532057285308838,-0.673574169409676
157,-3.7586584091186523,0.10478401184082031,-0.6763956388494989
158,-3.7624292373657227,0.3147333860397339,-0.6857261861448478
159,-3.7688217163085938,0.5246553421020508,-0.6925461856840229
160,-3.7749452590942383,0.7346690893173218,-0.6935813038357992
161,-3.779264450073242,0.94480299949646,-0.6913044301400078
162,-3.78192138671875,1.1550304889678955,-0.689046868350033
163,-3.783452033996582,1.365321397781372,-0.6881198968708304
164,-3.7841930389404297,1.575664758682251,-0.6881208624661213
165,-3.7842140197753906,1.7860543727874756,-0.6883535709312127
166,-2.94427490234375,-1.7853868007659912,-0.6881430711578105
167,-2.944469451904297,-1.5750033855438232,-0.688334259025396
168,-2.9439783096313477,-1.3646645545959473,-0.6897816863663593
169,-2.94281005859375,-1.1543786525726318,-0.6922912685272422
170,-2.9405860900878906,-0.9441669583320618,-0.6922680942402621
171,-2.936354637145996,-0.7340925931930542,-0.6817479335466032
172,-2.9296417236328125,-0.5243098735809326,-0.6534154365228915
173,-2.922909736633301,-0.314841091632843,-0.6125282695277292
174,-2.919896125793457,-0.10525506734848022,-0.5830061591057074
175,-2.918550491333008,0.1046363115310669,-0.5925896923672553
176,-2.921353340148926,0.31414735317230225,-0.6308929263641403
177,-2.927922248840332,0.5237209796905518,-0.6681426958987231
178,-2.9344701766967773,0.7336040735244751,-0.6886741485677703
179,-2.9387311935424805,0.9437226057052612,-0.6935890285981259
180,-2.9410924911499023,1.153958797454834,-0.6915294138427726
181,-2.942399024963379,1.3642652034759521,-0.6890207972771805
182,-2.943012237548828,1.5746214389801025,-0.688075479487452
183,-2.942957878112793,1.7850165367126465,-0.688163348658918
184,-2.103208541870117,-1.7841756343841553,-0.6879682984101692
185,-2.1034507751464844,-1.573737621307373,-0.68885857726832
186,-2.1031455993652344,-1.3633123636245728,-0.6921725003064694
187,-2.102325439453125,-1.1529046297073364,-0.6956071227559733
188,-2.1006364822387695,-0.9425390362739563,-0.6885544147517066
189,-2.0972232818603516,-0.7324169874191284,-0.6533999869982381
190,-2.092219352722168,-0.5230646133422852,-0.5805149232553504
191,-2.0891408920288086,-0.31447404623031616,-0.48630854989551153
192,-2.090761184692383,-0.10531055927276611,-0.4187699872779831
193,-2.087233543395996,0.10464715957641602,-0.4400024621281773
194,-2.0855207443237305,0.3134765625,-0.5226216919979834
195,-2.089310646057129,0.5223159790039062,-0.6097705293771014
196,-2.094938278198242,0.7319674491882324,-0.668161042209249
197,-2.098672866821289,0.9421918392181396,-0.692569359971003
198,-2.100569725036621,1.1525781154632568,-0.6950683205836867
199,-2.101551055908203,1.362999439239502,-0.6910591689361354
200,-2.101994514465332,1.5734353065490723,-0.6883796420040653
201,-2.101895332336426,1.7838785648345947,-0.6879441585278983
202,-1.2622413635253906,-1.7831215858459473,-0.6878166999495079
203,-1.262502670288086,-1.5726021528244019,-0.6895258036142877
204,-1.2624053955078125,-1.362046480178833,-0.6947863667587626
205,-1.2619972229003906,-1.151439905166626,-0.6982161612318123
206,-1.2610759735107422,-0.9408169984817505,-0.6801691852460863
207,-1.2593469619750977,-0.7307355403900146,-0.6124993016690041
208,-1.2578496932983398,-0.5222986340522766,-0.4862573733450972
209,-1.2594928741455078,-0.3148955702781677,-0.3342794337345367
210,-1.2695560455322266,-0.10566049814224243,-0.21656564301929393
211,-1.2619781494140625,0.10557329654693604,-0.25058935868719345
212,-1.254415512084961,0.3135877847671509,-0.38501567269622683
213,-1.253976821899414,0.5213744640350342,-0.5222933895990991
214,-1.2566452026367188,0.7303224802017212,-0.6309624492250805
215,-1.2589874267578125,0.9405918121337891,-0.6857590163847362
216,-1.2601938247680664,1.1512258052825928,-0.6981717438484338
217,-1.2607917785644531,1.3618261814117432,-0.693753179797568
218,-1.261042594909668,1.572380781173706,-0.689017900491308
219,-1.2609233856201172,1.7829020023345947,-0.6877645578038027
220,-0.4212369918823242,-1.7824697494506836,-0.6877056564910617
221,-0.4214200973510742,-1.5719062089920044,-0.689871486728407
222,-0.42146968841552734,-1.3612799644470215,-0.6962840050548493
223,-0.4214363098144531,-1.1505615711212158,-0.6994820566580984
224,-0.42127037048339844,-0.9398131966590881,-0.6735905845296202
225,-0.4210090637207031,-0.7299751043319702,-0.5830235398209425
226,-0.4212198257446289,-0.5227059125900269,-0.4184696871425331
227,-0.4225959777832031,-0.3174065947532654,-0.21604132477636995
228,-0.4277381896972656,-0.10693097114562988,-0.08052678487456433
229,-0.42209720611572266,0.10549402236938477,-0.09601107095841144
230,-0.4235696792602539,0.31563568115234375,-0.2464566108424151
231,-0.4186820983886719,0.521814227104187,-0.43947428150408996
232,-0.41860389709472656,0.7296210527420044,-0.5926582496329047
233,-0.4191904067993164,0.9396498203277588,-0.676407225992989
234,-0.4196147918701172,1.1504271030426025,-0.6996046872600346
235,-0.41985130310058594,1.3611423969268799,-0.695862039912754
236,-0.4199533462524414,1.5717616081237793,-0.6896493998115147
237,-0.4199066162109375,1.782320499420166,-0.6876795854182092
238,0.4198722839355469,-1.7823346853256226,-0.6876786198229183
239,0.4199180603027344,-1.5717754364013672,-0.6896455374303514
240,0.4198131561279297,-1.3611564636230469,-0.695862039912754
241,0.4195728302001953,-1.1504409313201904,-0.6996143432129429
242,0.4191455841064453,-0.9396630525588989,-0.6764468153999132
243,0.41855430603027344,-0.7296333312988281,-0.5927248757079724
244,0.4186286926269531,-0.5218271017074585,-0.4395186988874684
245,0.4235115051269531,-0.3156501054763794,-0.24647399155765015
246,0.42203521728515625,-0.10550951957702637,-0.09601300214899311
247,0.42767906188964844,0.10691666603088379,-0.08050361058758426
248,0.42254066467285156,0.3173905611038208,-0.21605677430102332
249,0.42116737365722656,0.5226923227310181,-0.41843396011677214
250,0.4209613800048828,0.729962944984436,-0.5829482233882572
251,0.42122459411621094,0.9398001432418823,-0.6735403735744967
252,0.42139434814453125,1.150547981262207,-0.6994646759428633
253,0.4214305877685547,1.3612661361694336,-0.6962840050548493
254,0.4213848114013672,1.571892261505127,-0.6898753491095704
255,0.4212017059326172,1.7824556827545166,-0.6877066220863526
256,1.2608890533447266,-1.7829151153564453,-0.6877645578038027
257,1.261007308959961,-1.5723938941955566,-0.6890159693007263
258,1.2607555389404297,-1.3618392944335938,-0.6937522142022772
259,1.260152816772461,-1.1512389183044434,-0.6981775374201789
260,1.2589435577392578,-0.9406047463417053,-0.685778328290553
261,1.2565994262695312,-0.7303352355957031,-0.6309952794649689
262,1.2539253234863281,-0.5213872790336609,-0.5223194606719517
263,1.2543621063232422,-0.313601553440094,-0.385014707100936
264,1.2619209289550781,-0.10558772087097168,-0.25056811559079506
265,1.269491195678711,0.10564684867858887,-0.21658205813923814
266,1.2594337463378906,0.31488096714019775,-0.3343055048073893
267,1.2577953338623047,0.5222852230072021,-0.48624482060631635
268,1.2592945098876953,0.7307230234146118,-0.612452953095044
269,1.2610282897949219,0.9408040046691895,-0.6801324926250345
270,1.2619514465332031,1.1514265537261963,-0.6982036084930314
271,1.2623634338378906,1.3620326519012451,-0.6947873323540534
272,1.2624645233154297,1.5725884437561035,-0.6895277348048694
273,1.2622051239013672,1.7831075191497803,-0.6878166999495079
274,2.101858139038086,-1.7838908433914185,-0.6879441585278983
275,2.101957321166992,-1.5734474658966064,-0.6883777108134836
276,2.101512908935547,-1.3630115985870361,-0.6910591689361354
277,2.100526809692383,-1.1525903940200806,-0.6950721829648501
278,2.0986270904541016,-0.9422041773796082,-0.6925761191380388
279,2.094890594482422,-0.7319799065589905,-0.6681697325668665
280,2.089262008666992,-0.5223286151885986,-0.6097695637818106
281,2.085470199584961,-0.31348979473114014,-0.5225936897345491
282,2.0871810913085938,-0.10466068983078003,-0.4399541823636355
283,2.090707778930664,0.10529732704162598,-0.4187323290616405
284,2.0890865325927734,0.31446051597595215,-0.4862969627520215
285,2.0921630859375,0.5230507850646973,-0.580516854445932
286,2.0971717834472656,0.7324037551879883,-0.6533787439018397
287,2.100587844848633,0.9425257444381714,-0.6885370340364716
288,2.1022815704345703,1.1528911590576172,-0.6956022947795191
289,2.1031036376953125,1.3632986545562744,-0.6921753970923419
290,2.103412628173828,1.5737240314483643,-0.6888605084589017
291,2.103170394897461,1.7841618061065674,-0.68796926400546
292,2.942920684814453,-1.7850284576416016,-0.688163348658918
293,2.9429759979248047,-1.5746327638626099,-0.6880745138921611
294,2.9423599243164062,-1.3642765283584595,-0.6890198316818896
295,2.941049575805664,-1.1539702415466309,-0.6915294138427726
296,2.9386863708496094,-0.9437341690063477,-0.6935899941934167
297,2.9344234466552734,-0.7336159944534302,-0.6886741485677703
298,2.9278736114501953,-0.5237329602241516,-0.6681301431599422
299,2.921304702758789,-0.3141595721244812,-0.6308571993383794
300,2.9185028076171875,-0.1046488881111145,-0.592521135101606
301,2.919849395751953,0.10524260997772217,-0.5829279458871497
302,2.922861099243164,0.3148285150527954,-0.6124799897631874
303,2.9295883178710938,0.5242971181869507,-0.6533951590217839
304,2.9363021850585938,0.7340795993804932,-0.6817392431889857
305,2.9405384063720703,0.944153904914856,-0.6922623006685171
306,2.9427642822265625,1.1543655395507812,-0.6922912685272422
307,2.943937301635742,1.3646512031555176,-0.689783617556941
308,2.944429397583008,1.5749900341033936,-0.6883361902159777
309,2.9442386627197266,1.7853732109069824,-0.6881440367531013
310,3.784177780151367,-1.7860658168792725,-0.6883526053359219
311,3.7841567993164062,-1.5756757259368896,-0.6881198968708304
312,3.783414840698242,-1.3653323650360107,-0.6881198968708304
313,3.781881332397461,-1.155041217803955,-0.689046868350033
314,3.7792205810546875,-0.9448139667510986,-0.6913053957352986
315,3.7748985290527344,-0.73468017578125,-0.6935793726452175
316,3.7687740325927734,-0.5246667265892029,-0.6925365297311146
317,3.762378692626953,-0.31474488973617554,-0.6857030118578678
318,3.758607864379883,-0.10479563474655151,-0.6763550838472838
319,3.7591991424560547,0.10530900955200195,-0.6735220272639708
320,3.7631988525390625,0.31526005268096924,-0.6801334582203253
321,3.7700843811035156,0.5251504182815552,-0.6885437932035074
322,3.776601791381836,0.7351369857788086,-0.6922680942402621
323,3.7810115814208984,0.9452553987503052,-0.6915931431319677
324,3.783578872680664,1.1554698944091797,-0.6896407094538972
325,3.784994125366211,1.365748405456543,-0.6884385433168063
326,3.785625457763672,1.5760793685913086,-0.6881672110400814
327,3.7855186462402344,1.7864618301391602,-0.6883091535478343
328,4.62565803527832,-1.786864995956421,-0.6884665455802406
329,4.625555038452148,-1.5764515399932861,-0.6883091535478343
330,4.624698638916016,-1.3660812377929688,-0.6880571331769261
331,4.622982025146484,-1.1557537317276,-0.6880677547251253
332,4.62013053894043,-0.9454783797264099,-0.6890449371594514
333,4.615840911865234,-0.7352710366249084,-0.6915255514616092
334,4.610321044921875,-0.5251405239105225,-0.6950557678449059
335,4.604911804199219,-0.31504666805267334,-0.6981505007520354
336,4.601716995239258,-0.10490179061889648,-0.699584409758927
337,4.602191925048828,0.10535097122192383,-0.6994579167758275
338,4.605695724487305,0.3154909610748291,-0.6982055396836131
339,4.611551284790039,0.5255727767944336,-0.6956071227559733
340,4.617450714111328,0.7356934547424316,-0.6922951309084056
341,4.621870040893555,0.945897102355957,-0.6896397438586064
342,4.624677658081055,1.1561713218688965,-0.688334259025396
343,4.626298904418945,1.3664968013763428,-0.6880899634168145
344,4.627048492431641,1.5768647193908691,-0.6882599081880016
345,4.627031326293945,1.7872796058654785,-0.6884259905780254
346,5.467334747314453,-1.7874003648757935,-0.6885022726060015
347,5.467136383056641,-1.5769542455673218,-0.6884539928414597
348,5.466167449951172,-1.3665478229522705,-0.6882840480702725
349,5.464290618896484,-1.1561814546585083,-0.6880571331769261
350,5.461294174194336,-0.9458606839179993,-0.6881208624661213
351,5.457067489624023,-0.7355974316596985,-0.6890207972771805
352,5.452003479003906,-0.5253860950469971,-0.6910591689361354
353,5.447315216064453,-0.3151957392692566,-0.693753179797568
354,5.444574356079102,-0.10496068000793457,-0.6958630055080448
355,5.445064544677734,0.10536050796508789,-0.6962869018407218
356,5.448122024536133,0.3155940771102905,-0.6947902291399259
357,5.45318603515625,0.5257788896560669,-0.6921773282829236
358,5.458591461181641,0.7359868288040161,-0.6897845831522318
359,5.462984085083008,0.9462509155273438,-0.6884385433168063
360,5.465980529785156,1.1565768718719482,-0.6880899634168145
361,5.467781066894531,1.366947889328003,-0.6882212843763682
362,5.468656539916992,1.577359914779663,-0.6884018506957545
363,5.46873664855957,1.787811040878296,-0.6884848918907664
364,6.309181213378906,-1.7876982688903809,-0.6884955134389656
365,6.308889389038086,-1.577225923538208,-0.6885022726060015
366,6.307794570922852,-1.3667893409729004,-0.6884539928414597
367,6.305774688720703,-1.1563942432403564,-0.6883091535478343
368,6.302669525146484,-0.9460449814796448,-0.6881208624661213
369,6.298494338989258,-0.7357496023178101,-0.6880764450827428
370,6.29374885559082,-0.5254961252212524,-0.6883844699805195
371,6.289533615112305,-0.31525754928588867,-0.6890217628724713
372,6.287050247192383,-0.10498535633087158,-0.6896513310020964
373,6.287569046020508,0.10534882545471191,-0.689877280300152
374,6.290348052978516,0.31561923027038574,-0.6895287004001602
375,6.294887542724609,0.5258564949035645,-0.6888595428636108
376,6.299949645996094,0.7361105680465698,-0.6883352246206869
377,6.30430793762207,0.9464095830917358,-0.6881672110400814
378,6.3074493408203125,1.1567649841308594,-0.6882599081880016
379,6.309429168701172,1.3671667575836182,-0.6884018506957545
380,6.310434341430664,1.5776116847991943,-0.6884819951048939
381,6.310611724853516,1.7880923748016357,-0.688493582248384
382,7.151155471801758,-1.7877998352050781,-0.6884800639143123
383,7.150779724121094,-1.577303409576416,-0.6884955134389656
384,7.149576187133789,-1.3668416738510132,-0.6885022726060015
385,7.147424697875977,-1.156421422958374,-0.6884675111755314
386,7.144222259521484,-0.946050226688385,-0.6883535709312127
387,7.140073776245117,-0.7357360124588013,-0.6881643142542089
388,7.135524749755859,-0.5254706144332886,-0.6879470553137708
389,7.131614685058594,-0.3152275085449219,-0.6877664889943844
390,7.129291534423828,-0.10497301816940308,-0.6876815166087908
391,7.12982177734375,0.10530304908752441,-0.6877075876816434
392,7.132423400878906,0.31555449962615967,-0.6878166999495079
393,7.136640548706055,0.52579665184021,-0.68796926400546
394,7.141481399536133,0.73606276512146,-0.6881430711578105
395,7.145835876464844,0.9463831186294556,-0.6883091535478343
396,7.14910888671875,1.1567614078521729,-0.6884259905780254
397,7.15123176574707,1.367187261581421,-0.6884848918907664
398,7.152355194091797,1.5776565074920654,-0.688493582248384
399,7.152608871459961,1.7881553173065186,-0.6884839262954756
0,-7.990070343017578,-1.9975173473358154,-0.9221135692944245
1,7.987812042236328,-1.9969556331634521,-0.9221077757226794
2,-7.987892150878906,1.9969358444213867,-0.9221077757226794
3,7.989999771118164,1.997499942779541,-0.9221135692944245
4,-7.988080978393555,1.7864041328430176,-0.922128053223787
5,-7.98719596862793,1.575857162475586,-0.9221628146542571
6,-7.984736442565918,1.365356206893921,-0.9222004728705997
7,-7.98057746887207,1.1549341678619385,-0.9221879201318188
8,-7.974724769592285,0.944631814956665,-0.9220585303628468
9,-7.967567443847656,0.7344757318496704,-0.9217582302273968
10,-7.960209846496582,0.5244673490524292,-0.9212725357961062
11,-7.954250335693359,0.31456243991851807,-0.9206864194545687
12,-7.950614929199219,0.10468506813049316,-0.9202480391925292
13,-7.95176887512207,-0.10519206523895264,-0.9201852754986248
14,-7.955634117126465,-0.3150663375854492,-0.9205193714692541
15,-7.961980819702148,-0.5249758958816528,-0.9210707263803215
16,-7.969723701477051,-0.7349902987480164,-0.9215931134326638
17,-7.977204322814941,-0.9451573491096497,-0.9219494180949823
18,-7.983253479003906,-1.1554759740829468,-0.9221357779861137
19,-7.987428665161133,-1.365915060043335,-0.9221898513224005
20,-7.989781379699707,-1.5764315128326416,-0.9221724706071655
21,-7.990391731262207,-1.7869887351989746,-0.9221386747719862
22,-7.147955894470215,-1.9976012706756592,-0.9221386747719862
23,-6.305726051330566,-1.9974534511566162,-0.9221724706071655
24,-5.463659286499023,-1.9968711137771606,-0.9221898513224005
25,-4.621898651123047,-1.9958345890045166,-0.9221357779861137
26,-3.7806167602539062,-1.9943287372589111,-0.9219503836902732
27,-2.9399423599243164,-1.9924631118774414,-0.9215931134326638
28,-2.0998802185058594,-1.9905288219451904,-0.9210707263803215
29,-1.2602386474609375,-1.9889401197433472,-0.9205193714692541
30,-0.42073631286621094,-1.9879703521728516,-0.9201862410939157
31,0.4187755584716797,-1.9876857995986938,-0.9202480391925292
32,1.2582874298095703,-1.9885976314544678,-0.9206864194545687
33,2.097911834716797,-1.9900890588760376,-0.9212715702008154
34,2.937955856323242,-1.9919235706329346,-0.9217591958226876
35,3.7785873413085938,-1.993703007698059,-0.9220585303628468
36,4.619804382324219,-1.9951550960540771,-0.9221888857271097
37,5.461494445800781,-1.996185064315796,-0.9222014384658905
38,6.303499221801758,-1.9967930316925049,-0.9221628146542571
39,7.145685195922852,-1.9970085620880127,-0.922128053223787
40,7.988002777099609,-1.786424160003662,-0.922128053223787
41,7.987119674682617,-1.5758771896362305,-0.9221628146542571
42,7.984663009643555,-1.3653759956359863,-0.9222014384658905
43,7.980506896972656,-1.1549540758132935,-0.9221879201318188
44,7.9746551513671875,-0.9446514844894409,-0.9220585303628468
45,7.967500686645508,-0.7344951629638672,-0.9217582302273968
46,7.960145950317383,-0.5244866013526917,-0.9212725357961062
47,7.954189300537109,-0.3145814538002014,-0.9206864194545687
48,7.950555801391602,-0.10470402240753174,-0.9202480391925292
49,7.95170783996582,0.10517346858978271,-0.920184309903334
50,7.955572128295898,0.3150479793548584,-0.920520337064545
51,7.961917877197266,0.5249578952789307,-0.9210707263803215
52,7.969657897949219,0.7349724769592285,-0.9215931134326638
53,7.977136611938477,0.9451396465301514,-0.9219494180949823
54,7.983184814453125,1.1554584503173828,-0.9221357779861137
55,7.987360000610352,1.3658976554870605,-0.9221898513224005
56,7.989711761474609,1.5764141082763672,-0.9221724706071655
57,7.990320205688477,1.7869713306427002,-0.9221386747719862
58,7.147886276245117,1.9975838661193848,-0.9221386747719862
59,6.305654525756836,1.9974360466003418,-0.9221724706071655
60,5.463588714599609,1.9968540668487549,-0.9221898513224005
61,4.621828079223633,1.9958176612854004,-0.9221357779861137
62,3.780546188354492,1.994312047958374,-0.9219494180949823
63,2.939870834350586,1.9924468994140625,-0.9215940790279546
64,2.0998077392578125,1.9905130863189697,-0.9210707263803215
65,1.2601642608642578,1.9889247417449951,-0.9205213026598358
66,0.42066383361816406,1.9879553318023682,-0.9201862410939157
67,-0.4188499450683594,1.9876708984375,-0.9202480391925292
68,-1.25836181640625,1.9885823726654053,-0.9206854538592779
69,-2.0979909896850586,1.9900734424591064,-0.9212725357961062
70,-2.9380340576171875,1.9919073581695557,-0.9217582302273968
71,-3.778665542602539,1.9936861991882324,-0.9220585303628468
72,-4.619881629943848,1.9951376914978027,-0.9221888857271097
73,-5.461573600769043,1.9961669445037842,-0.9222004728705997
74,-6.303580284118652,1.9967741966247559,-0.9221628146542571
75,-7.1457672119140625,1.9969890117645264,-0.922128053223787
76,-7.148414611816406,-1.7871071100234985,-0.9221473651296037
77,-7.147798538208008,-1.576634407043457,-0.9221174316755878
78,-7.14560604095459,-1.366225242614746,-0.9220112161935958
79,-7.141611099243164,-1.1558902263641357,-0.9218644457093887
80,-7.1357011795043945,-0.9456496238708496,-0.9218258218977553
81,-7.128192901611328,-0.7355012893676758,-0.9220537023863926
82,-7.120268821716309,-0.5254335403442383,-0.922534568841229
83,-7.113675117492676,-0.31539052724838257,-0.9230337816065912
84,-7.109600067138672,-0.10533440113067627,-0.9232423501894118
85,-7.108516693115234,0.10475671291351318,-0.9230685430370613
86,-7.112252235412598,0.31481456756591797,-0.9226234036079859
87,-7.1185150146484375,0.5248544216156006,-0.9221183972708786
88,-7.126008033752441,0.7349226474761963,-0.9217929916578669
89,-7.133188247680664,0.9450658559799194,-0.9217495398697793
90,-7.138955116271973,1.1552996635437012,-0.9219001727351497
91,-7.142952919006348,1.3656253814697266,-0.9220643239345918
92,-7.145247459411621,1.5760228633880615,-0.9221473651296037
93,-7.146076202392578,1.7864875793457031,-0.9221521931060579
94,-6.306522369384766,-1.7869579792022705,-0.9221174316755878
95,-6.306061744689941,-1.5765235424041748,-0.9219812827395799
96,-6.304084777832031,-1.3661606311798096,-0.9217649893944326
97,-6.300317764282227,-1.1558729410171509,-0.9217196064157633
98,-6.294549942016602,-0.9456751942634583,-0.9223327594254442
99,-6.286959648132324,-0.7355688214302063,-0.9240051704691723
100,-6.278668403625488,-0.5255321264266968,-0.9265639979898879
101,-6.271609306335449,-0.31549733877182007,-0.9291112383671134
102,-6.267319679260254,-0.10540765523910522,-0.930456312607248
103,-6.266254425048828,0.1047743558883667,-0.9300362786557343
104,-6.270212173461914,0.3148611783981323,-0.9280664642624288
105,-6.276899337768555,0.5248945951461792,-0.9254023868550121
106,-6.2847185134887695,0.7349355220794678,-0.9231554466132366
107,-6.292003631591797,0.9450399875640869,-0.9219358997609106
108,-6.297666549682617,1.1552321910858154,-0.9216529803406956
109,-6.301455497741699,1.3655104637145996,-0.9218325810647912
110,-6.303558349609375,1.575864553451538,-0.9220508056005201
111,-6.304216384887695,1.7862873077392578,-0.9221473651296037
112,-5.464885711669922,-1.7864153385162354,-0.9220112161935958
113,-5.464612007141113,-1.5760340690612793,-0.9217649893944326
114,-5.462848663330078,-1.3657245635986328,-0.9216240124819706
115,-5.459356307983398,-1.1554975509643555,-0.9221377091766954
116,-5.453749656677246,-0.9453604221343994,-0.9239665466575389
117,-5.4459686279296875,-0.7353338599205017,-0.9272225339782381
118,-5.437087059020996,-0.5253915786743164,-0.9310424289487855
119,-5.4292802810668945,-0.31545567512512207,-0.9340956412584092
120,-5.424633979797363,-0.10543197393417358,-0.9357033574176512
121,-5.423608779907227,0.10472404956817627,-0.9355720364580975
122,-5.427953720092773,0.3147463798522949,-0.933501800154545
123,-5.435304641723633,0.5246926546096802,-0.9300179323452085
124,-5.443662643432617,0.734648585319519,-0.9261710007065176
125,-5.45112419128418,0.944682240486145,-0.9232558685234835
126,-5.45667839050293,1.1548171043395996,-0.9218432026129904
127,-5.460239410400391,1.3650412559509277,-0.9216008381949905
128,-5.462143898010254,1.5753462314605713,-0.9218316154695003
129,-5.4626264572143555,1.7857213020324707,-0.9220643239345918
130,-4.623542785644531,-1.7854232788085938,-0.9218634801140979
131,-4.62346076965332,-1.5750986337661743,-0.9217196064157633
132,-4.621943473815918,-1.3648569583892822,-0.9221367435814045
133,-4.618749618530273,-1.1547040939331055,-0.9235996204470212
134,-4.6133222579956055,-0.9446588754653931,-0.9257046181810438
135,-4.605269432067871,-0.734752357006073,-0.9264326770303342
136,-4.595518112182617,-0.524976372718811,-0.9233331161467504
137,-4.586737632751465,-0.3152415156364441,-0.9167941048372086
138,-4.5816850662231445,-0.10540634393692017,-0.9125087929364781
139,-4.58064079284668,0.10460853576660156,-0.914388806967736
140,-4.585451126098633,0.3144528865814209,-0.9205560640903059
141,-4.593725204467773,0.524215579032898,-0.9259769160530595
142,-4.602878570556641,0.7340184450149536,-0.9272379835028914
143,-4.610617637634277,0.9439437389373779,-0.9254101116173388
144,-4.616030693054199,1.153996467590332,-0.9230946141099139
145,-4.619346618652344,1.3641598224639893,-0.9218422370176995
146,-4.621029853820801,1.5744082927703857,-0.9216520147454048
147,-4.621318817138672,1.784731388092041,-0.9219001727351497
148,-3.782576560974121,-1.7839527130126953,-0.9218258218977553
149,-3.7826690673828125,-1.5736637115478516,-0.9223317938301534
150,-3.7813968658447266,-1.363461971282959,-0.9239665466575389
151,-3.7785730361938477,-1.1533544063568115,-0.9257084805622071
152,-3.773418426513672,-0.9433771371841431,-0.923364980791348
153,-3.7651901245117188,-0.7336071729660034,-0.9100330066107745
154,-3.7550201416015625,-0.5241223573684692,-0.8818424520948156
155,-3.7464380264282227,-0.3148171305656433,-0.8462284009829091
156,-3.742124557495117,-0.1053200364112854,-0.8242099315659743
157,-3.7405872344970703,0.10445797443389893,-0.8314934168447508
158,-3.744485855102539,0.3138916492462158,-0.86127816918588
159,-3.7528343200683594,0.5232617855072021,-0.8947823945873097
160,-3.762603759765625,0.732835054397583,-0.9170046046106108
161,-3.770610809326172,0.9426523447036743,-0.9254081804267571
162,-3.775824546813965,1.1526553630828857,-0.925414939593793
163,-3.7788076400756836,1.3627831935882568,-0.9232577997140652
164,-3.7802581787109375,1.5730042457580566,-0.9219358997609106
165,-3.7803802490234375,1.783301591873169,-0.9217485742744884
166,-2.9419803619384766,-1.782081127166748,-0.9220517711958109
167,-2.9422426223754883,-1.571772575378418,-0.9240032392785906
168,-2.9412918090820312,-1.3615245819091797,-0.9272225339782381
169,-2.9389514923095703,-1.1513502597808838,-0.9264500577455692
170,-2.934345245361328,-0.9413312077522278,-0.9100561808977545
171,-2.9268646240234375,-0.7317509055137634,-0.8653558780990807
172,-2.918654441833496,-0.522915244102478,-0.7913951412022016
173,-2.9136886596679688,-0.31444627046585083,-0.7101354695018927
174,-2.912795066833496,-0.10532855987548828,-0.6604372454778513
175,-2.909714698791504,0.10437428951263428,-0.6762903889627978
176,-2.909592628479004,0.31321048736572266,-0.7422328225645742
177,-2.9149398803710938,0.5218044519424438,-0.8211914806868208
178,-2.92362117767334,0.7309242486953735,-0.8835563837360496
179,-2.931346893310547,0.9406685829162598,-0.9170065358011925
180,-2.9361257553100586,1.1507365703582764,-0.9272708137427799
181,-2.9386720657348633,1.360931634902954,-0.9261854846358801
182,-2.9398365020751953,1.571195125579834,-0.9231535154226549
183,-2.9398040771484375,1.7815179824829102,-0.9217900948719944
184,-2.1017093658447266,-1.780102014541626,-0.9225336032459381
185,-2.1020965576171875,-1.5697025060653687,-0.9265591700134337
186,-2.1015243530273438,-1.3593082427978516,-0.9310491881158214
187,-2.0998525619506836,-1.1489187479019165,-0.9233784991254197
188,-2.096409797668457,-0.9387989640235901,-0.8818772135252857
189,-2.0915279388427734,-0.7297161817550659,-0.7912802353625921
190,-2.0879573822021484,-0.5220458507537842,-0.6629062726365191
191,-2.0880374908447266,-0.31454527378082275,-0.5346472157500557
192,-2.091425895690918,-0.10549414157867432,-0.45568662643722746
193,-2.0864973068237305,0.10461068153381348,-0.47969615334386617
194,-2.0815916061401367,0.3129584789276123,-0.5821525728686083
195,-2.081852912902832,0.520510196685791,-0.7099085546085462
196,-2.0871572494506836,0.7287830114364624,-0.8208612470973549
197,-2.093057632446289,0.9382435083389282,-0.8947524611332938
198,-2.0969161987304688,1.1484603881835938,-0.9260734755821431
199,-2.098848342895508,1.3588519096374512,-0.9300536593709694
200,-2.099672317504883,1.5692479610443115,-0.9253956276879762
201,-2.0995254516601562,1.7796499729156494,-0.9221126036991336
202,-1.2615375518798828,-1.7784509658813477,-0.9230318504160095
203,-1.2619619369506836,-1.567934513092041,-0.9291073759859501
204,-1.2617874145507812,-1.3573530912399292,-0.9341168843548076
205,-1.2609243392944336,-1.1467188596725464,-0.9168501093640771
206,-1.2592086791992188,-0.9366493225097656,-0.8461714308607498
207,-1.2576932907104492,-0.7284860610961914,-0.7096101856636778
208,-1.258091926574707,-0.5221195220947266,-0.5335551274761201
209,-1.261836051940918,-0.3155272603034973,-0.357720225014873
210,-1.2732152938842773,-0.10616320371627808,-0.22970739492757275
211,-1.2654294967651367,0.10675299167633057,-0.26030324731300425
212,-1.254171371459961,0.31359195709228516,-0.42030335259983076
213,-1.2518224716186523,0.5204986333847046,-0.5808181201766729
214,-1.2528486251831055,0.727470874786377,-0.741209291556288
215,-1.2556018829345703,0.9361574649810791,-0.8611101556052745
216,-1.257878303527832,1.1463894844055176,-0.9206835226686962
217,-1.2590713500976562,1.3570125102996826,-0.9335558734908318
218,-1.2595396041870117,1.5675747394561768,-0.9280606706906838
219,-1.2593631744384766,1.7780835628509521,-0.9226176100362409
220,-0.4213085174560547,-1.777428150177002,-0.9232394534035393
221,-0.42160606384277344,-1.5668580532073975,-0.930450519035503
222,-0.42170238494873047,-1.3561861515045166,-0.9357294284905038
223,-0.4216022491455078,-1.145445704460144,-0.9125454855575299
224,-0.4212532043457031,-0.935558557510376,-0.8238970786917434
225,-0.42130088806152344,-0.7282603979110718,-0.6591974211244178
226,-0.4219808578491211,-0.522966742515564,-0.45345610131539615
227,-0.4246969223022461,-0.3182886242866516,-0.2267449485752877
228,-0.4307260513305664,-0.10762745141983032,-0.0801965512850984
229,-0.4211091995239258,0.10527920722961426,-0.093851999888102
230,-0.4272642135620117,0.31643104553222656,-0.2581972839836908
231,-0.41855907440185547,0.5217510461807251,-0.4771913991594374
232,-0.41756439208984375,0.7275007963180542,-0.6747193654246075
233,-0.4179096221923828,0.9351686239242554,-0.8311216626577789
234,-0.4185209274291992,1.145174503326416,-0.9144515706616403
235,-0.4189910888671875,1.3559181690216064,-0.9356096946744401
236,-0.41919517517089844,1.5665807723999023,-0.9300333818698618
237,-0.41913318634033203,1.777146816253662,-0.9230637150606071
238,0.41905975341796875,-1.777161717414856,-0.9230608182747346
239,0.41912269592285156,-1.5665955543518066,-0.9300285538934077
240,0.4189186096191406,-1.3559331893920898,-0.9356174194367668
241,0.41844940185546875,-1.1451894044876099,-0.914476676139202
242,0.41783905029296875,-0.9351829290390015,-0.8311670456364482
243,0.4174957275390625,-0.7275146842002869,-0.6747744043561852
244,0.4184894561767578,-0.521766185760498,-0.4772280917804892
245,0.42719268798828125,-0.31644731760025024,-0.2582156302942167
246,0.4210376739501953,-0.10529649257659912,-0.09386165584101036
247,0.43065643310546875,0.10761034488677979,-0.0801888265227717
248,0.42462921142578125,0.3182717561721802,-0.22673722381296102
249,0.42191123962402344,0.5229512453079224,-0.4534223054802169
250,0.421234130859375,0.7282463312149048,-0.6591365886210951
251,0.4211845397949219,0.9355442523956299,-0.8238430053554566
252,0.42153167724609375,1.1454310417175293,-0.9125107241270598
253,0.421630859375,1.3561711311340332,-0.9357178413470137
254,0.42153358459472656,1.5668432712554932,-0.9304534158213755
255,0.4212360382080078,1.7774131298065186,-0.923241384594121
256,1.2592906951904297,-1.7780988216400146,-0.92261664444095
257,1.2594661712646484,-1.5675898790359497,-0.9280597050953929
258,1.2589988708496094,-1.3570278882980347,-0.9335597358719951
259,1.2578086853027344,-1.146404504776001,-0.9206999377886405
260,1.255533218383789,-0.9361722469329834,-0.8611371922734179
261,1.2527828216552734,-0.7274856567382812,-0.7412392250103039
262,1.2517566680908203,-0.5205138921737671,-0.5808374320824896
263,1.2541046142578125,-0.3136081099510193,-0.42030335259983076
264,1.2653636932373047,-0.1067703366279602,-0.2602839354071875
265,1.2731456756591797,0.10614669322967529,-0.2296977389746644
266,1.2617683410644531,0.315510630607605,-0.3577038098949288
267,1.2580204010009766,0.5221030712127686,-0.5335387123561759
268,1.2576217651367188,0.7284705638885498,-0.7095754242332077
269,1.2591381072998047,0.9366343021392822,-0.8461299102632438
270,1.2608528137207031,1.1467034816741943,-0.9168221071006428
271,1.2617149353027344,1.3573377132415771,-0.9341062628066084
272,1.2618885040283203,1.5679192543029785,-0.9291083415812409
273,1.2614631652832031,1.7784357070922852,-0.923034747201882
274,2.0994510650634766,-1.779665470123291,-0.9221116381038428
275,2.099597930908203,-1.5692634582519531,-0.9253936964973946
276,2.098775863647461,-1.3588674068450928,-0.9300565561568419
277,2.0968456268310547,-1.1484758853912354,-0.9260840971303423
278,2.0929908752441406,-0.9382588267326355,-0.8947640482767838
279,2.0870914459228516,-0.7287982702255249,-0.8208718686455541
280,2.081789016723633,-0.5205256342887878,-0.7099085546085462
281,2.0815296173095703,-0.312974750995636,-0.5821284329863374
282,2.086437225341797,-0.10462754964828491,-0.4796517359604877
283,2.0913619995117188,0.10547745227813721,-0.455648002625594
284,2.087970733642578,0.31452834606170654,-0.5346269382489481
285,2.0878868103027344,0.5220285654067993,-0.66290723823181
286,2.091459274291992,0.7296997308731079,-0.7912599578614845
287,2.0963401794433594,0.9387829303741455,-0.8818530736430148
288,2.099782943725586,1.1489028930664062,-0.9233611184101846
289,2.101451873779297,1.3592922687530518,-0.9310462913299489
290,2.1020240783691406,1.5696868896484375,-0.9265611012040154
291,2.1016368865966797,1.7800862789154053,-0.922534568841229
292,2.939727783203125,-1.78153395652771,-0.9217881636814127
293,2.9397621154785156,-1.5712110996246338,-0.923152549827364
294,2.9385986328125,-1.3609477281570435,-0.9261845190405893
295,2.936054229736328,-1.1507524251937866,-0.927275641719234
296,2.9312782287597656,-0.94068443775177,-0.9170103981823559
297,2.9235572814941406,-0.7309401035308838,-0.8835563837360496
298,2.914876937866211,-0.5218204259872437,-0.8211779623527491
299,2.9095325469970703,-0.31322675943374634,-0.7421980611341041
300,2.909658432006836,-0.10439109802246094,-0.6762285908641843
301,2.912738800048828,0.10531187057495117,-0.6603725505933653
302,2.9136276245117188,0.3144294023513794,-0.71009781128555
303,2.918588638305664,0.5228981971740723,-0.791374863701094
304,2.9267959594726562,0.7317339181900024,-0.865342359765009
305,2.934276580810547,0.9413144588470459,-0.910041696968392
306,2.938882827758789,1.1513335704803467,-0.9264423329832425
307,2.941221237182617,1.3615081310272217,-0.9272215683829472
308,2.9421730041503906,1.571756362915039,-0.9240042048738815
309,2.9419097900390625,1.7820649147033691,-0.9220537023863926
310,3.780303955078125,-1.783318281173706,-0.9217476086791976
311,3.780183792114258,-1.5730206966400146,-0.9219349341656198
312,3.778736114501953,-1.3627997636795044,-0.9232577997140652
313,3.775754928588867,-1.1526718139648438,-0.9254168707843746
314,3.7705440521240234,-0.9426687359809875,-0.9254091460220479
315,3.7625389099121094,-0.732851505279541,-0.9169988110388658
316,3.7527732849121094,-0.5232783555984497,-0.8947669450626563
317,3.744426727294922,-0.3139083981513977,-0.861248235731864
318,3.740530014038086,-0.10447502136230469,-0.8314441714849181
319,3.7420692443847656,0.10530304908752441,-0.8241510302532333
320,3.746377944946289,0.3148001432418823,-0.8461849491948215
321,3.7549571990966797,0.5241053104400635,-0.8818154154266722
322,3.7651233673095703,0.7335901260375977,-0.9100223850625753
323,3.7733497619628906,0.9433602094650269,-0.923359187219603
324,3.778505325317383,1.1533374786376953,-0.9257084805622071
325,3.7813282012939453,1.3634450435638428,-0.9239665466575389
326,3.7825984954833984,1.5736470222473145,-0.9223317938301534
327,3.7825050354003906,1.7839360237121582,-0.9218258218977553
328,4.621242523193359,-1.7847487926483154,-0.9218992071398588
329,4.6209564208984375,-1.574425458908081,-0.9216520147454048
330,4.61927604675293,-1.3641769886016846,-0.9218422370176995
331,4.615961074829102,-1.1540136337280273,-0.9230946141099139
332,4.6105499267578125,-0.9439609050750732,-0.9254091460220479
333,4.602815628051758,-0.7340356111526489,-0.9272350867170189
334,4.593664169311523,-0.5242327451705933,-0.9259701568860237
335,4.585391998291016,-0.31447017192840576,-0.92053771777978
336,4.5805816650390625,-0.10462594032287598,-0.9143598391090109
337,4.581626892089844,0.10538899898529053,-0.9124749971012989
338,4.586677551269531,0.315224289894104,-0.9167651369784835
339,4.595453262329102,0.5249592065811157,-0.9233167010268062
340,4.605203628540039,0.7347351312637329,-0.9264259178632983
341,4.613254547119141,0.9446418285369873,-0.9257036525857529
342,4.618680953979492,1.1546871662139893,-0.923600586042312
343,4.62187385559082,1.364840030670166,-0.9221406059625679
344,4.623390197753906,1.5750818252563477,-0.9217196064157633
345,4.623472213745117,1.7854063510894775,-0.9218644457093887
346,5.462549209594727,-1.7857391834259033,-0.9220643239345918
347,5.462066650390625,-1.575364112854004,-0.9218316154695003
348,5.460165023803711,-1.3650591373443604,-0.9216008381949905
349,5.456607818603516,-1.1548349857330322,-0.9218432026129904
350,5.451055526733398,-0.9447000026702881,-0.9232568341187743
351,5.443597793579102,-0.7346663475036621,-0.9261710007065176
352,5.435239791870117,-0.5247102975845337,-0.9300140699640451
353,5.427892684936523,-0.31476402282714844,-0.9334979377733816
354,5.423547744750977,-0.10474169254302979,-0.9355623805051891
355,5.42457389831543,0.10541439056396484,-0.9356937014647428
356,5.429218292236328,0.31543827056884766,-0.9340888820913733
357,5.437023162841797,0.5253742933273315,-0.9310366353770405
358,5.445901870727539,0.7353166341781616,-0.9272186715970747
359,5.453680038452148,0.9453432559967041,-0.9239675122528297
360,5.459287643432617,1.1554806232452393,-0.9221415715578587
361,5.462778091430664,1.3657073974609375,-0.9216259436725522
362,5.464540481567383,1.576017141342163,-0.9217649893944326
363,5.464815139770508,1.7863984107971191,-0.9220112161935958
364,6.30413818359375,-1.7863059043884277,-0.9221473651296037
365,6.3034820556640625,-1.5758830308914185,-0.9220498400052293
366,6.301382064819336,-1.365529179573059,-0.9218316154695003
367,6.297595977783203,-1.1552506685256958,-0.9216539459359865
368,6.291936874389648,-0.9450583457946777,-0.9219358997609106
369,6.28465461730957,-0.7349538803100586,-0.9231564122085274
370,6.276836395263672,-0.5249128341674805,-0.9254043180455938
371,6.270151138305664,-0.31487923860549927,-0.9280683954530105
372,6.266195297241211,-0.10479235649108887,-0.9300372442510252
373,6.26725959777832,0.10538971424102783,-0.9304582437978297
374,6.271547317504883,0.3154796361923218,-0.9291141351529859
375,6.278604507446289,0.5255144834518433,-0.9265649635851787
376,6.286893844604492,0.7355513572692871,-0.9240061360644631
377,6.294483184814453,0.9456578493118286,-0.9223346906160259
378,6.300249099731445,1.155855655670166,-0.921721537606345
379,6.30401611328125,1.3661432266235352,-0.9217649893944326
380,6.305992126464844,1.5765063762664795,-0.9219812827395799
381,6.306451797485352,1.7869408130645752,-0.9221174316755878
382,7.14599609375,-1.7865068912506104,-0.9221521931060579
383,7.145172119140625,-1.5760420560836792,-0.9221473651296037
384,7.142879486083984,-1.3656445741653442,-0.9220643239345918
385,7.138883590698242,-1.1553186178207397,-0.9219001727351497
386,7.133119583129883,-0.945084810256958,-0.9217495398697793
387,7.125942230224609,-0.7349414825439453,-0.9217929916578669
388,7.118452072143555,-0.5248730182647705,-0.9221212940567511
389,7.112190246582031,-0.3148331642150879,-0.9226263003938584
390,7.108457565307617,-0.104775071144104,-0.9230695086323522
391,7.109539031982422,0.105316162109375,-0.9232462125705752
392,7.113613128662109,0.3153724670410156,-0.9230366783924637
393,7.120206832885742,0.5254157781600952,-0.9225374656271015
394,7.1281280517578125,0.7354836463928223,-0.9220546679816835
395,7.13563346862793,0.9456321001052856,-0.9218267874930461
396,7.141542434692383,1.1558728218078613,-0.9218644457093887
397,7.145536422729492,1.3662078380584717,-0.9220121817888867
398,7.147727966308594,1.5766172409057617,-0.9221174316755878
399,7.148344039916992,1.7870898246765137,-0.9221473651296037
0,-7.983613014221191,-1.9959070682525635,-1.1864211402785259
1,7.980093002319336,-1.995025396347046,-1.1863979659915458
2,-7.980201721191406,1.9949984550476074,-1.1863979659915458
3,7.983516693115234,1.9958832263946533,-1.1864221058738167
4,-7.9804582595825195,1.7844657897949219,-1.1864510737325418
5,-7.978802680969238,1.5739240646362305,-1.186479075995976
6,-7.974566459655762,1.3634660243988037,-1.1864105187303267
7,-7.967633247375488,1.1531486511230469,-1.186202915742797
8,-7.958250045776367,0.9430254697799683,-1.1858717165580401
9,-7.9472856521606445,0.7331222295761108,-1.1854034028419846
10,-7.936426162719727,0.523425817489624,-1.1847081742325827
11,-7.927716255187988,0.31386828422546387,-1.1838323793037944
12,-7.922239303588867,0.10434579849243164,-1.1832559189151652
13,-7.923470497131348,-0.10517722368240356,-1.1833013018938345
14,-7.929203987121582,-0.31469208002090454,-1.1838430008519936
15,-7.938437461853027,-0.5242511034011841,-1.184677275183276
16,-7.949895858764648,-0.7339469194412231,-1.1853531918868612
17,-7.961420059204102,-0.9438561201095581,-1.1857819161959924
18,-7.9712066650390625,-1.1539971828460693,-1.1861005626419683
19,-7.978281021118164,-1.3643382787704468,-1.1863409958693865
20,-7.982466697692871,-1.574818730354309,-1.1864578328995776
21,-7.983978271484375,-1.785375952720642,-1.1864597640901593
22,-7.141488075256348,-1.9960029125213623,-1.1864597640901593
23,-6.299258232116699,-1.995630145072937,-1.1864578328995776
24,-5.457335472106934,-1.9945898056030273,-1.1863419614646773
25,-4.615965843200684,-1.9928282499313354,-1.1861005626419683
26,-3.7753963470458984,-1.9903894662857056,-1.1857790194101199
27,-2.9357528686523438,-1.9875149726867676,-1.1853512606962795
28,-2.0969619750976562,-1.9846534729003906,-1.1846743783974034
29,-1.2587194442749023,-1.9823445081710815,-1.1838381728755394
30,-0.4206523895263672,-1.9809088706970215,-1.183292611536217
31,0.41744422912597656,-1.9806104898452759,-1.1832443317716752
32,1.2555408477783203,-1.9819762706756592,-1.1838198265650135
33,2.0937767028808594,-1.9841490983963013,-1.1846965870890926
34,2.932567596435547,-1.9868578910827637,-1.1853966436749488
35,3.772188186645508,-1.9895905256271362,-1.1858659229862951
36,4.6126861572265625,-1.9919250011444092,-1.186202915742797
37,5.453960418701172,-1.9936463832855225,-1.1864114843256175
38,6.295795440673828,-1.994694709777832,-1.186479075995976
39,7.137962341308594,-1.9950990676879883,-1.1864510737325418
40,7.980352401733398,-1.7844927310943604,-1.1864510737325418
41,7.978702545166016,-1.5739506483078003,-1.186479075995976
42,7.974470138549805,-1.363492488861084,-1.1864114843256175
43,7.967540740966797,-1.1531751155853271,-1.186202915742797
44,7.958160400390625,-0.9430517554283142,-1.1858717165580401
45,7.947198867797852,-0.7331483364105225,-1.1854034028419846
46,7.936342239379883,-0.5234516859054565,-1.1847101054231644
47,7.927635192871094,-0.3138939142227173,-1.183834310494376
48,7.922159194946289,-0.10437119007110596,-1.1832597812963286
49,7.92338752746582,0.10515201091766357,-1.1833022674891254
50,7.929119110107422,0.3146672248840332,-1.1838497600190294
51,7.938352584838867,0.5242265462875366,-1.1846792063738576
52,7.949808120727539,0.7339224815368652,-1.1853531918868612
53,7.961330413818359,0.9438319206237793,-1.1857819161959924
54,7.9711151123046875,1.15397310256958,-1.1861005626419683
55,7.978187561035156,1.364314317703247,-1.1863400302740956
56,7.982372283935547,1.5747950077056885,-1.1864578328995776
57,7.983882904052734,1.7853522300720215,-1.1864597640901593
58,7.141391754150391,1.9959793090820312,-1.1864597640901593
59,6.299160003662109,1.9956066608428955,-1.1864578328995776
60,5.457239151000977,1.9945666790008545,-1.1863409958693865
61,4.615869522094727,1.9928054809570312,-1.1861005626419683
62,3.775299072265625,1.9903671741485596,-1.185778053814829
63,2.9356555938720703,1.9874932765960693,-1.1853522262915703
64,2.09686279296875,1.9846324920654297,-1.1846743783974034
65,1.2586174011230469,1.9823238849639893,-1.1838439664472844
66,0.4205513000488281,1.9808883666992188,-1.1832964739173804
67,-0.41754722595214844,1.980591058731079,-1.1832472285575477
68,-1.2556438446044922,1.9819562435150146,-1.1838198265650135
69,-2.093881607055664,1.984128475189209,-1.1846994838749652
70,-2.932673454284668,1.9868364334106445,-1.185395678079658
71,-3.772294044494629,1.9895682334899902,-1.185866888581586
72,-4.612793922424316,1.9919021129608154,-1.186202915742797
73,-5.454067230224609,1.9936223030090332,-1.1864105187303267
74,-6.295902252197266,1.9946696758270264,-1.186479075995976
75,-7.1380720138549805,1.9950730800628662,-1.1864510737325418
76,-7.1420488357543945,-1.7855205535888672,-1.186355479798749
77,-7.140637397766113,-1.575099229812622,-1.1861893974087252
78,-7.136704444885254,-1.3647956848144531,-1.1860387645433548
79,-7.1298723220825195,-1.1546193361282349,-1.1862444363403029
80,-7.120232582092285,-0.944591224193573,-1.1872496210380632
81,-7.108623504638672,-0.7346985936164856,-1.1892039859067154
82,-7.096897125244141,-0.5249125957489014,-1.1916778410418374
83,-7.087359428405762,-0.31515586376190186,-1.1938427056838918
84,-7.081347465515137,-0.10537612438201904,-1.1948826518121223
85,-7.080216407775879,0.10445511341094971,-1.1944684114323536
86,-7.0857954025268555,0.31423747539520264,-1.1928201402708964
87,-7.094900131225586,0.5239949226379395,-1.1905162299069616
88,-7.105965614318848,0.733791708946228,-1.1882886015710028
89,-7.116999626159668,0.9436856508255005,-1.1867542706538643
90,-7.126294136047363,1.1537106037139893,-1.186108287404295
91,-7.133007049560547,1.363882064819336,-1.186078353950279
92,-7.136995315551758,1.5741777420043945,-1.1862579546743746
93,-7.138526916503906,1.784590244293213,-1.18639120682451
94,-6.3003644943237305,-1.785172462463379,-1.1861893974087252
95,-6.299256324768066,-1.5748264789581299,-1.1859219275131636
96,-6.295637130737305,-1.3646047115325928,-1.1859624825153787
97,-6.289094924926758,-1.1545137166976929,-1.1869184218533064
98,-6.279550552368164,-0.9445708394050598,-1.1893256509133607
99,-6.267726898193359,-0.7347619533538818,-1.1931329931451273
100,-6.255495071411133,-0.5250376462936401,-1.1975206581466864
101,-6.245339393615723,-0.3152986168861389,-1.2013096540679271
102,-6.239044189453125,-0.10547488927841187,-1.20351893609336
103,-6.237919807434082,0.10448110103607178,-1.2032292575061092
104,-6.243800163269043,0.3143049478530884,-1.200362405087617
105,-6.253466606140137,0.5240485668182373,-1.1961475816431175
106,-6.265002250671387,0.7337901592254639,-1.191821714740172
107,-6.27625846862793,0.9436118602752686,-1.1884440624128274
108,-6.285483360290527,1.153559684753418,-1.186532183736972
109,-6.291926383972168,1.3636510372161865,-1.185913237155546
110,-6.295618057250977,1.5738739967346191,-1.1859982095411397
111,-6.296875953674316,1.7842183113098145,-1.1862579546743746
112,-5.459151268005371,-1.7841951847076416,-1.1860387645433548
113,-5.458371162414551,-1.573927402496338,-1.1859624825153787
114,-5.455075263977051,-1.3637861013412476,-1.186614259336693
115,-5.448854446411133,-1.1537936925888062,-1.1882480465687877
116,-5.439363479614258,-0.9439664483070374,-1.1901319229812088
117,-5.427115440368652,-0.734305202960968,-1.1905934775302285
118,-5.414085388183594,-0.5247455835342407,-1.1884150945541023
119,-5.403077125549316,-0.3151758313179016,-1.184741970067762
120,-5.396368026733398,-0.10547953844070435,-1.1837483725134916
121,-5.395227432250977,0.10440409183502197,-1.1854854784417057
122,-5.4015092849731445,0.31410515308380127,-1.1878444277372182
123,-5.41200065612793,0.5236905813217163,-1.1905104363352166
124,-5.424337387084961,0.7332757711410522,-1.1911989057775827
125,-5.435979843139648,0.9429634809494019,-1.1898519003468664
126,-5.445174217224121,1.1528100967407227,-1.1878096663067481
127,-5.451336860656738,1.36281418800354,-1.1863689981328207
128,-5.454728126525879,1.5729622840881348,-1.1859113059649644
129,-5.455691337585449,1.7832326889038086,-1.1860773883549882
130,-4.618441581726074,-1.782494306564331,-1.1862425051497212
131,-4.618006706237793,-1.5722992420196533,-1.1869184218533064
132,-4.615108489990234,-1.3622381687164307,-1.1882499777593694
133,-4.609257698059082,-1.1523386240005493,-1.1884556495563174
134,-4.599793434143066,-0.9426376819610596,-1.1830492815229263
135,-4.587185859680176,-0.7331854104995728,-1.1668958379025298
136,-4.573891639709473,-0.5239641666412354,-1.139488381167439
137,-4.563304901123047,-0.3148007392883301,-1.109873573597497
138,-4.557082176208496,-0.10540789365768433,-1.0957218090150036
139,-4.555490493774414,0.1042412519454956,-1.102675060704314
140,-4.5609636306762695,0.31360089778900146,-1.123838012693568
141,-4.571340560913086,0.5228093862533569,-1.151827723389033
142,-4.584183692932129,0.7321081161499023,-1.1741609768707804
143,-4.596281051635742,0.9416220188140869,-1.1858321271511159
144,-4.605464935302734,1.1513571739196777,-1.188787814336365
145,-4.611322402954102,1.3612852096557617,-1.1878087007114573
146,-4.614360809326172,1.5713634490966797,-1.1865312181416812
147,-4.615002632141113,1.781566858291626,-1.186108287404295
148,-3.778326988220215,-1.780092477798462,-1.1872467242521907
149,-3.77823543548584,-1.5699212551116943,-1.189329513294524
150,-3.775801658630371,-1.3598740100860596,-1.1901464069105714
151,-3.770456314086914,-1.149981141090393,-1.1830637654522889
152,-3.761371612548828,-0.940376341342926,-1.1578018614534358
153,-3.749629020690918,-0.731301486492157,-1.106474678173754
154,-3.738950729370117,-0.5228286385536194,-1.033702589079894
155,-3.7324724197387695,-0.31444162130355835,-0.9620245194505515
156,-3.729304313659668,-0.1053881049156189,-0.9252778250624942
157,-3.726346015930176,0.10413408279418945,-0.9395029748870911
158,-3.727736473083496,0.3129817247390747,-0.9919000377490192
159,-3.7346019744873047,0.5214298963546753,-1.0627090716166094
160,-3.7457828521728516,0.7301357984542847,-1.1262462073489132
161,-3.7575454711914062,0.939389705657959,-1.1674867822205215
162,-3.7665281295776367,1.1490733623504639,-1.1858282647699525
163,-3.771940231323242,1.3589982986450195,-1.1898634874903564
164,-3.7745704650878906,1.5690691471099854,-1.1884537183657358
165,-3.7749013900756836,1.7792556285858154,-1.1867542706538643
166,-2.9387550354003906,-1.7771967649459839,-1.189200123525552
167,-2.939000129699707,-1.5669713020324707,-1.1931445802886174
168,-2.937161445617676,-1.3568181991577148,-1.1906234109842444
169,-2.9326534271240234,-1.146836280822754,-1.1669035626648565
170,-2.9250736236572266,-0.9374499320983887,-1.1064254328139214
171,-2.916743278503418,-0.7292277812957764,-1.0056501146905248
172,-2.9115285873413086,-0.521990180015564,-0.8814330396915011
173,-2.91021728515625,-0.31444060802459717,-0.7697706346639279
174,-2.9109716415405273,-0.10545843839645386,-0.7091283536135506
175,-2.9068078994750977,0.1042947769165039,-0.728174720725292
176,-2.9032506942749023,0.31273138523101807,-0.8114891792045
177,-2.9044981002807617,0.5201680660247803,-0.9269145090804614
178,-2.9110965728759766,0.7277882099151611,-1.0410314573373398
179,-2.9205408096313477,0.93646240234375,-1.1260936432929611
180,-2.9284801483154297,1.1460602283477783,-1.1741184906779836
181,-2.933194160461426,1.3560984134674072,-1.1912375295892161
182,-2.9352855682373047,1.5662648677825928,-1.191850682598897
183,-2.9353227615356445,1.7765064239501953,-1.1882895671662936
184,-2.0996084213256836,-1.7742679119110107,-1.1916826690182916
185,-2.100107192993164,-1.563916802406311,-1.1975476948148298
186,-2.098931312561035,-1.3535637855529785,-1.188441165626955
187,-2.0957794189453125,-1.1435171365737915,-1.139394718424228
188,-2.0912036895751953,-0.9347894787788391,-1.0333945641821174
189,-2.0878381729125977,-0.7279368042945862,-0.8810641822904017
190,-2.0871458053588867,-0.521822452545166,-0.7157677868333394
191,-2.0882444381713867,-0.3147278428077698,-0.5739034922989958
192,-2.0922622680664062,-0.10561919212341309,-0.4891782990998763
193,-2.0883378982543945,0.10474252700805664,-0.5071451306764629
194,-2.081904411315918,0.31308555603027344,-0.6159020594739104
195,-2.0788087844848633,0.5197031497955322,-0.768868768662287
196,-2.0806884765625,0.7261546850204468,-0.9263506014306131
197,-2.0857439041137695,0.9336812496185303,-1.0621837877783946
198,-2.0912981033325195,1.1428568363189697,-1.15165101945081
199,-2.094860076904297,1.3530213832855225,-1.1905529225280134
200,-2.0963211059570312,1.5633888244628906,-1.1961987581935318
201,-2.0961341857910156,1.7737467288970947,-1.1905239546692883
202,-1.2605791091918945,-1.771883249282837,-1.1938571896132544
203,-1.261153221130371,-1.5613782405853271,-1.2013608306183414
204,-1.2606620788574219,-1.350813388824463,-1.1847255549478177
205,-1.2591476440429688,-1.140876293182373,-1.1094940946481984
206,-1.257704734802246,-0.9331918954849243,-0.9611525869029265
207,-1.2577180862426758,-0.7276374101638794,-0.7687413100838967
208,-1.258894920349121,-0.5221247673034668,-0.5732362659530281
209,-1.262639045715332,-0.31568777561187744,-0.3885062996725992
210,-1.2795372009277344,-0.1063658595085144,-0.23816021610355165
211,-1.2710456848144531,0.10742676258087158,-0.2651505356730013
212,-1.2591609954833984,0.3147759437561035,-0.4240817269728723
213,-1.2524518966674805,0.5204874277114868,-0.6154115370661657
214,-1.251016616821289,0.7258652448654175,-0.8103294992602059
215,-1.2520074844360352,0.9319881200790405,-0.9907683600681594
216,-1.2544870376586914,1.1402714252471924,-1.123349421476405
217,-1.2565298080444336,1.3504018783569336,-1.187828012617274
218,-1.2573518753051758,1.5609755516052246,-1.2004309623532663
219,-1.2571020126342773,1.7714765071868896,-1.1928384865814223
220,-0.4214591979980469,-1.7703789472579956,-1.1949038949085207
221,-0.4218616485595703,-1.5598020553588867,-1.2035855621684277
222,-0.42188549041748047,-1.3491339683532715,-1.1836595377467347
223,-0.4215984344482422,-1.1393290758132935,-1.0949667134975698
224,-0.4215250015258789,-0.9324283599853516,-0.9236623841409255
225,-0.4218149185180664,-0.7278463840484619,-0.7074627017368584
226,-0.4224977493286133,-0.5231181979179382,-0.48834402476859395
227,-0.42566871643066406,-0.319865882396698,-0.23693101329831734
228,-0.4354057312011719,-0.10879278182983398,-0.0799261846036643
229,-0.42183876037597656,0.10537564754486084,-0.09225104289589581
230,-0.4299812316894531,0.31742584705352783,-0.2662677294244986
231,-0.4190082550048828,0.5220425128936768,-0.5072233438950207
232,-0.4172992706298828,0.7267731428146362,-0.7265496238508149
233,-0.416656494140625,0.9316692352294922,-0.9377851808646938
234,-0.41707515716552734,1.1389133930206299,-1.1018494767306493
235,-0.4177360534667969,1.3488349914550781,-1.185359951053897
236,-0.4180593490600586,1.5595099925994873,-1.203294917985886
237,-0.4179716110229492,1.7700843811035156,-1.1944915857193337
238,0.41786956787109375,-1.7701035737991333,-1.1944886889334612
239,0.41796112060546875,-1.5595290660858154,-1.2032968491764677
240,0.41763877868652344,-1.3488543033599854,-1.1853802285550046
241,0.4169807434082031,-1.1389323472976685,-1.1018900317328644
242,0.41656494140625,-0.9316877722740173,-0.9378353918198172
243,0.4172096252441406,-0.7267920970916748,-0.7265950068294842
244,0.4189186096191406,-0.5220621824264526,-0.5072571397301999
245,0.4298896789550781,-0.31744617223739624,-0.2662918693067695
246,0.42174720764160156,-0.1053972840309143,-0.09225297408647748
247,0.4353179931640625,0.10877180099487305,-0.07991266626959259
248,0.4255809783935547,0.31984543800354004,-0.2369030110348831
249,0.4224071502685547,0.5230981111526489,-0.48831119452870553
250,0.4217243194580078,0.7278269529342651,-0.7074163531628983
251,0.4214344024658203,0.9324092864990234,-0.9236073452093478
252,0.4215049743652344,1.1393094062805176,-1.0949213305189005
253,0.42179107666015625,1.3491134643554688,-1.183634432269173
254,0.4217643737792969,1.559781789779663,-1.2035797685966827
255,0.4213600158691406,1.7703585624694824,-1.1949058260991023
256,1.2570018768310547,-1.771496295928955,-1.1928375209861315
257,1.257253646850586,-1.56099534034729,-1.2004348247344296
258,1.2564334869384766,-1.350421667098999,-1.1878434621419274
259,1.25439453125,-1.1402909755706787,-1.1233822517162935
260,1.2519168853759766,-0.932007372379303,-0.9908040870939203
261,1.2509288787841797,-0.7258849143981934,-0.810358467118931
262,1.2523651123046875,-0.5205077528953552,-0.6154289177814007
263,1.2590751647949219,-0.31479698419570923,-0.42408365816345395
264,1.2709617614746094,-0.10744917392730713,-0.26513315495776624
265,1.279449462890625,0.10634481906890869,-0.23814380098360743
266,1.262552261352539,0.31566667556762695,-0.3884763662185833
267,1.2588043212890625,0.5221034288406372,-0.5732179196425022
268,1.2576255798339844,0.7276163101196289,-0.7687181357969166
269,1.2576122283935547,0.9331716299057007,-0.9611178254724564
270,1.2590522766113281,1.1408560276031494,-1.109460298813019
271,1.2605648040771484,1.350792646408081,-1.1847033462561285
272,1.2610530853271484,1.5613577365875244,-1.2013550370465964
273,1.2604789733886719,1.7718627452850342,-1.193859120803836
274,2.0960311889648438,-1.773767352104187,-1.1905229890739975
275,2.096221923828125,-1.5634090900421143,-1.1962006893841135
276,2.0947647094726562,-1.353041648864746,-1.1905635440762126
277,2.091205596923828,-1.1428769826889038,-1.151669365761336
278,2.085653305053711,-0.9337013363838196,-1.0622021340889205
279,2.0806007385253906,-0.7261749505996704,-0.926363154169394
280,2.078723907470703,-0.5197238922119141,-0.768868768662287
281,2.081819534301758,-0.313106894493103,-0.6158846787586754
282,2.0882568359375,-0.10476452112197876,-0.507109403650702
283,2.0921783447265625,0.10559737682342529,-0.4891483656458604
284,2.088155746459961,0.3147059679031372,-0.57388514598847
285,2.0870532989501953,0.5218000411987305,-0.7157677868333394
286,2.087747573852539,0.7279150485992432,-0.88105066395633
287,2.0911102294921875,0.9347681999206543,-1.0333752522763007
288,2.095684051513672,1.143496036529541,-1.1393715441372478
289,2.098836898803711,1.3535425662994385,-1.1884295784834649
290,2.1000099182128906,1.5638957023620605,-1.1975438324336665
291,2.0995101928710938,1.7742469310760498,-1.1916817034230007
292,2.935220718383789,-1.7765276432037354,-1.1882886015710028
293,2.9351863861083984,-1.5662860870361328,-1.191850682598897
294,2.9330978393554688,-1.3561195135116577,-1.1912413919703795
295,2.928386688232422,-1.1460810899734497,-1.174128146630892
296,2.920452117919922,-0.9364832639694214,-1.1260994368647061
297,2.9110107421875,-0.7278091907501221,-1.0410314573373398
298,2.904417037963867,-0.5201894044876099,-0.9269000251510988
299,2.9031715393066406,-0.3127531409263611,-0.8114582801551933
300,2.9067306518554688,-0.1043170690536499,-0.7281235441748777
301,2.9108924865722656,0.10543632507324219,-0.709079108253718
302,2.9101314544677734,0.3144184350967407,-0.7697435979957845
303,2.911439895629883,0.5219677686691284,-0.8814195213574294
304,2.9166526794433594,0.7292053699493408,-1.0056414243329073
305,2.9249820709228516,0.9374278783798218,-1.1064109488845588
306,2.9325599670410156,1.1468143463134766,-1.1668919755213665
307,2.9370670318603516,1.3567965030670166,-1.1906176174124994
308,2.93890380859375,1.5669498443603516,-1.1931426490980357
309,2.938657760620117,1.7771751880645752,-1.1892020547161337
310,3.774799346923828,-1.7792775630950928,-1.1867533050585735
311,3.7744712829589844,-1.5690910816192627,-1.188452752770445
312,3.7718448638916016,-1.3590202331542969,-1.189865418680938
313,3.7664356231689453,-1.1490952968597412,-1.1858301959605342
314,3.757457733154297,-0.9394114017486572,-1.1674887134111032
315,3.745698928833008,-0.7301576137542725,-1.1262365513960049
316,3.7345218658447266,-0.5214518308639526,-1.0626868629249202
317,3.727659225463867,-0.31300389766693115,-0.9918633451279675
318,3.7262725830078125,-0.10415661334991455,-0.9394469703602226
319,3.729228973388672,0.10536563396453857,-0.9252198893450441
320,3.732391357421875,0.314419150352478,-0.9619878268294997
321,3.7388648986816406,0.5228060483932495,-1.0336784491976232
322,3.749540328979492,0.7312785387039185,-1.1064669534114273
323,3.761280059814453,0.9403536319732666,-1.1577960678816908
324,3.770364761352539,1.149958610534668,-1.1830618342617072
325,3.7757091522216797,1.359851598739624,-1.1901444757199897
326,3.778139114379883,1.5698988437652588,-1.189329513294524
327,3.778228759765625,1.7800703048706055,-1.1872476898474815
328,4.614900588989258,-1.7815897464752197,-1.1861063562137133
329,4.614261627197266,-1.5713863372802734,-1.1865312181416812
330,4.611227035522461,-1.361308217048645,-1.1878096663067481
331,4.605373382568359,-1.1513798236846924,-1.188787814336365
332,4.596193313598633,-0.9416447877883911,-1.1858301959605342
333,4.584098815917969,-0.7321308851242065,-1.1741532521084537
334,4.571258544921875,-0.5228322148323059,-1.151810342673798
335,4.560886383056641,-0.31362384557724,-1.1238022856678072
336,4.555416107177734,-0.10426437854766846,-1.1026258153444815
337,4.557003021240234,0.1053847074508667,-1.0956754604410435
338,4.563222885131836,0.3147776126861572,-1.1098359153811543
339,4.5738067626953125,0.5239410400390625,-1.1394661724757498
340,4.58709716796875,0.7331622838973999,-1.1668842507590398
341,4.599702835083008,0.9426146745681763,-1.1830463847370538
342,4.609167098999023,1.1523158550262451,-1.1884566151516083
343,4.615016937255859,1.362215280532837,-1.1882548057358235
344,4.617910385131836,1.5722765922546387,-1.1869184218533064
345,4.618345260620117,1.7824714183807373,-1.186243470745012
346,5.455587387084961,-1.7832566499710083,-1.1860773883549882
347,5.454626083374023,-1.5729860067367554,-1.1859113059649644
348,5.451238632202148,-1.3628381490707397,-1.1863689981328207
349,5.44508171081543,-1.1528339385986328,-1.1878087007114573
350,5.435890197753906,-0.9429872035980225,-1.1898499691562847
351,5.424249649047852,-0.7332994937896729,-1.1911960089917102
352,5.411916732788086,-0.5237141847610474,-1.1904988491917265
353,5.40142822265625,-0.3141287565231323,-1.187828012617274
354,5.395149230957031,-0.10442781448364258,-1.1854594073688531
355,5.396284103393555,0.10545575618743896,-1.1837203702500574
356,5.402992248535156,0.3151521682739258,-1.1847216925666544
357,5.413997650146484,0.5247220993041992,-1.1884015762200306
358,5.427026748657227,0.7342817783355713,-1.190584787172611
359,5.439271926879883,0.9439431428909302,-1.1901328885764997
360,5.448760986328125,1.1537704467773438,-1.1882528745452419
361,5.454980850219727,1.3637628555297852,-1.1866171561225656
362,5.458274841308594,1.573904275894165,-1.1859624825153787
363,5.459054946899414,1.7841722965240479,-1.1860387645433548
364,6.296772003173828,-1.784243106842041,-1.1862579546743746
365,6.2955169677734375,-1.5738985538482666,-1.1859972439458488
366,6.291830062866211,-1.363675832748413,-1.1859122715602552
367,6.285390853881836,-1.153584361076355,-1.1865331493322628
368,6.27617073059082,-0.943636417388916,-1.1884440624128274
369,6.264917373657227,-0.7338147163391113,-1.1918207491448811
370,6.253383636474609,-0.5240730047225952,-1.1961456504525358
371,6.243719100952148,-0.3143293261528015,-1.2003595083017444
372,6.23784065246582,-0.10450541973114014,-1.2032224983390734
373,6.238960266113281,0.10545063018798828,-1.203513142521615
374,6.245256423950195,0.3152744770050049,-1.2013057916867638
375,6.255409240722656,0.5250136852264404,-1.197516795765523
376,6.26763916015625,0.7347381114959717,-1.1931310619545457
377,6.279460906982422,0.944547176361084,-1.1893266165086516
378,6.289003372192383,1.1544902324676514,-1.186920353043888
379,6.295543670654297,1.3645813465118408,-1.1859634481106696
380,6.299161911010742,1.574803352355957,-1.1859219275131636
381,6.300268173217773,1.785149097442627,-1.1861893974087252
382,7.138420104980469,-1.7846158742904663,-1.18639120682451
383,7.136894226074219,-1.574203372001648,-1.1862579546743746
384,7.132909774780273,-1.3639076948165894,-1.186078353950279
385,7.126201629638672,-1.1537359952926636,-1.186108287404295
386,7.116909027099609,-0.9437109231948853,-1.1867542706538643
387,7.105878829956055,-0.733816921710968,-1.188287635975712
388,7.094816207885742,-0.5240200161933899,-1.190519126692834
389,7.085714340209961,-0.31426239013671875,-1.192823037056769
390,7.080137252807617,-0.10448002815246582,-1.1944703426229353
391,7.081262588500977,0.10535144805908203,-1.194884583002704
392,7.087276458740234,0.31513142585754395,-1.1938465680650552
393,7.096811294555664,0.5248883962631226,-1.19168073782771
394,7.1085357666015625,0.7346744537353516,-1.1892039859067154
395,7.120141983032227,0.9445673227310181,-1.187250586633354
396,7.129779815673828,1.1545953750610352,-1.1862444363403029
397,7.13661003112793,1.364771842956543,-1.1860397301386456
398,7.140542984008789,1.575075626373291,-1.1861893974087252
399,7.1419525146484375,1.7854969501495361,-1.186355479798749
0,-7.974031448364258,-1.9935210943222046,-1.4804226976464179
1,7.969638824462891,-1.9924215078353882,-1.4803879362159478
2,-7.969757080078125,1.9923925399780273,-1.4803879362159478
3,7.973915100097656,1.9934921264648438,-1.4804236632417087
4,-7.970095634460449,1.7818617820739746,-1.480333862879661
5,-7.967220306396484,1.5713417530059814,-1.4801899891813264
6,-7.960385322570801,1.3609638214111328,-1.479973695836179
7,-7.9496355056762695,1.1508145332336426,-1.4799138289281473
8,-7.935611724853516,0.9409546852111816,-1.4803000670444817
9,-7.919793128967285,0.7314035892486572,-1.4810793024441864
10,-7.904457092285156,0.5221328735351562,-1.4816258293787996
11,-7.892075538635254,0.31304478645324707,-1.4814442974641224
12,-7.884085655212402,0.10400211811065674,-1.4814838868710467
13,-7.885631561279297,-0.10504412651062012,-1.4820632440455483
14,-7.894045829772949,-0.3140799403190613,-1.4824205143031577
15,-7.907027244567871,-0.5231726169586182,-1.4826020462178349
16,-7.92296028137207,-0.7324470281600952,-1.481858537843891
17,-7.93931770324707,-0.9420048594474792,-1.4806998234948878
18,-7.953824043273926,-1.1518782377243042,-1.4799814205985058
19,-7.964848518371582,-1.3620491027832031,-1.479885826664713
20,-7.9717254638671875,-1.5724512338638306,-1.4800992232239878
21,-7.9744672775268555,-1.7829900979995728,-1.4803058606162267
22,-7.131902694702148,-1.9936338663101196,-1.4803058606162267
23,-6.289742469787598,-1.9929530620574951,-1.480098257628697
24,-5.4481353759765625,-1.9912360906600952,-1.4798838954741314
25,-4.607453346252441,-1.9884780645370483,-1.4799794894079241
26,-3.767963409423828,-1.9848532676696777,-1.480693064327852
27,-2.929729461669922,-1.9807689189910889,-1.481859503439182
28,-2.0926265716552734,-1.9767837524414062,-1.482613633361325
29,-1.256256103515625,-1.9735386371612549,-1.4824446541854286
30,-0.42011165618896484,-1.971435308456421,-1.482095108690146
31,0.4160747528076172,-1.9710443019866943,-1.4815157515156443
32,1.2522468566894531,-1.9730393886566162,-1.48146457496523
33,2.0886001586914062,-1.976128101348877,-1.4816306573552538
34,2.925689697265625,-1.979959487915039,-1.481081233634768
35,3.763896942138672,-1.9839098453521729,-1.480292342282155
36,4.603336334228516,-1.98740816116333,-1.4799128633328564
37,5.443929672241211,-1.9900901317596436,-1.479973695836179
38,6.285438537597656,-1.9917950630187988,-1.4801890235860355
39,7.1275177001953125,-1.9925103187561035,-1.480333862879661
40,7.969980239868164,-1.7818907499313354,-1.480333862879661
41,7.967105865478516,-1.5713708400726318,-1.4801899891813264
42,7.960273742675781,-1.3609927892684937,-1.47997466143147
43,7.949525833129883,-1.1508435010910034,-1.4799138289281473
44,7.935503005981445,-0.9409837126731873,-1.4803000670444817
45,7.919685363769531,-0.7314325571060181,-1.4810793024441864
46,7.904350280761719,-0.5221618413925171,-1.4816316229505446
47,7.891969680786133,-0.31307369470596313,-1.4814510566311583
48,7.883981704711914,-0.1040310263633728,-1.4814925772286642
49,7.885515213012695,0.10501539707183838,-1.4820632440455483
50,7.893930435180664,0.31405115127563477,-1.4824378950183927
51,7.906911849975586,0.5231438875198364,-1.4826059085989982
52,7.922842025756836,0.7324182987213135,-1.481858537843891
53,7.939199447631836,0.9419760704040527,-1.480698857899597
54,7.953704833984375,1.1518492698669434,-1.479980455003215
55,7.964729309082031,1.3620202541351318,-1.4798848610694222
56,7.971607208251953,1.5724225044250488,-1.4800992232239878
57,7.9743499755859375,1.782961130142212,-1.4803058606162267
58,7.131786346435547,1.9936048984527588,-1.4803058606162267
59,6.28962516784668,1.9929239749908447,-1.480098257628697
60,5.448019027709961,1.9912071228027344,-1.4798829298788405
61,4.607337951660156,1.9884488582611084,-1.4799794894079241
62,3.7678470611572266,1.9848239421844482,-1.4806920987325611
63,2.9296131134033203,1.9807400703430176,-1.4818604690344728
64,2.092510223388672,1.976755142211914,-1.4826107365754524
65,1.2561397552490234,1.9735102653503418,-1.482460103710082
66,0.4199962615966797,1.9714069366455078,-1.4821037990477635
67,-0.41619205474853516,1.9710180759429932,-1.481523476277971
68,-1.2523632049560547,1.973012924194336,-1.4814636093699391
69,-2.0887184143066406,1.9761016368865967,-1.4816383821175805
70,-2.9258060455322266,1.9799330234527588,-1.4810793024441864
71,-3.7640151977539062,1.9838829040527344,-1.4802952390680275
72,-4.603453636169434,1.9873807430267334,-1.4799128633328564
73,-5.444047927856445,1.9900624752044678,-1.4799727302408883
74,-6.285556793212891,1.9917669296264648,-1.4801890235860355
75,-7.127636909484863,1.9924817085266113,-1.480333862879661
76,-7.132645606994629,-1.7831788063049316,-1.4800229411960117
77,-7.13010311126709,-1.5728435516357422,-1.4798809986882588
78,-7.123598098754883,-1.362696886062622,-1.4802797895433741
79,-7.112870216369629,-1.1527612209320068,-1.4817677718865525
80,-7.098487854003906,-0.9430369734764099,-1.4847253902623834
81,-7.081975936889648,-0.7334966659545898,-1.4889769063279346
82,-7.065707206726074,-0.5240901708602905,-1.4936532843214536
83,-7.052371025085449,-0.3147228956222534,-1.4976904382324392
84,-7.043635368347168,-0.10532271862030029,-1.500071596219641
85,-7.0422258377075195,0.10415482521057129,-1.4995810738118962
86,-7.05030632019043,0.3135627508163452,-1.4963579167310854
87,-7.06314754486084,0.5229305028915405,-1.4919943916117973
88,-7.078804969787598,0.7323474884033203,-1.4874686464836486
89,-7.094730377197266,0.9418911933898926,-1.4836873753247346
90,-7.108669281005859,1.1516180038452148,-1.481257937572991
91,-7.119146347045898,1.361555576324463,-1.480150399774402
92,-7.125616073608398,1.571697473526001,-1.4799263816669281
93,-7.128261566162109,1.78202223777771,-1.4800895672710794
94,-6.2913055419921875,-1.7825462818145752,-1.479880033092968
95,-6.289233207702637,-1.5723273754119873,-1.480026803577175
96,-6.283123970031738,-1.3623031377792358,-1.4809508782705052
97,-6.272669792175293,-1.15250563621521,-1.482530592166313
98,-6.258298873901367,-0.9429270625114441,-1.4841228588009017
99,-6.241459846496582,-0.7335373163223267,-1.4851434930233154
100,-6.224536895751953,-0.5242317914962769,-1.4856513961462952
101,-6.210453987121582,-0.3149039149284363,-1.486682651916908
102,-6.20128059387207,-0.10545587539672852,-1.4896151648151772
103,-6.199862480163574,0.10417783260345459,-1.490941892744786
104,-6.208356857299805,0.3136337995529175,-1.4887866840556399
105,-6.221941947937012,0.5229690074920654,-1.4870592340803341
106,-6.23826789855957,0.7322946786880493,-1.4856156691205342
107,-6.254526138305664,0.9417104721069336,-1.4839529140297145
108,-6.26845645904541,1.1513092517852783,-1.4821627003605045
109,-6.278650283813477,1.3611183166503906,-1.480704651471342
110,-6.2847442626953125,1.5711462497711182,-1.479968867859725
111,-6.28696346282959,1.781364917755127,-1.4799263816669281
112,-5.450722694396973,-1.7809232473373413,-1.4802797895433741
113,-5.449139595031738,-1.5708034038543701,-1.480951843865796
114,-5.443483352661133,-1.3608907461166382,-1.4813776713890547
115,-5.433315277099609,-1.1512322425842285,-1.4789540272090562
116,-5.418872833251953,-0.9418359994888306,-1.4698474980211813
117,-5.401844024658203,-0.7327045202255249,-1.4521413771731204
118,-5.3850202560424805,-0.5237168073654175,-1.4289477782872382
119,-5.371306419372559,-0.31469565629959106,-1.4091945954226048
120,-5.362129211425781,-0.10544455051422119,-1.4050666755542807
121,-5.360260963439941,0.1040506362915039,-1.4117601821103563
122,-5.3683881759643555,0.31329572200775146,-1.4219954921932185
123,-5.381832122802734,0.5223466157913208,-1.440852602627956
124,-5.39842414855957,0.7313888072967529,-1.460166439635259
125,-5.415013313293457,0.9405809640884399,-1.473831544191171
126,-5.429030418395996,1.1500232219696045,-1.4802073698965614
127,-5.438963890075684,1.3597095012664795,-1.4814037424619073
128,-5.444631576538086,1.569629430770874,-1.4807027202807603
129,-5.446401596069336,1.7797534465789795,-1.4801475029885296
130,-4.610980033874512,-1.7782421112060547,-1.4817677718865525
131,-4.609951972961426,-1.568192720413208,-1.482536385738058
132,-4.6048479080200195,-1.358352780342102,-1.4789540272090562
133,-4.595040321350098,-1.1487864255905151,-1.4640510294902924
134,-4.581024169921875,-0.9396324157714844,-1.4297878461902656
135,-4.565578460693359,-0.7310146689414978,-1.373736005152523
136,-4.552382469177246,-0.5227915048599243,-1.3053419251073137
137,-4.543313026428223,-0.3144078850746155,-1.2471213570463533
138,-4.536411285400391,-0.10540646314620972,-1.226361058293378
139,-4.533141136169434,0.1039280891418457,-1.2403728115587
140,-4.537631988525391,0.3127979040145874,-1.275618970864798
141,-4.547089576721191,0.5212010145187378,-1.333812502257615
142,-4.561110496520996,0.7295923233032227,-1.3948941291653227
143,-4.576822280883789,0.9383765459060669,-1.442178364962274
144,-4.590599060058594,1.14762544631958,-1.4694525695472294
145,-4.600214958190918,1.3572330474853516,-1.4801909547766172
146,-4.605384826660156,1.5670890808105469,-1.482159803574632
147,-4.606644630432129,1.7771413326263428,-1.4812617999541544
148,-3.772088050842285,-1.7746460437774658,-1.4847292526435467
149,-3.771636962890625,-1.5646023750305176,-1.4841276867773558
150,-3.767256736755371,-1.3547488451004028,-1.4698301173059463
151,-3.7584218978881836,-1.145288109779358,-1.4297482567833413
152,-3.746443748474121,-0.9366427659988403,-1.3553143781939525
153,-3.7354774475097656,-0.7290692329406738,-1.2490863434632047
154,-3.7289657592773438,-0.5220755338668823,-1.130571108656568
155,-3.7263269424438477,-0.3144368529319763,-1.0331744084558068
156,-3.7237062454223633,-0.1054731011390686,-0.990752910543506
157,-3.7194032669067383,0.10404300689697266,-1.0085536597300688
158,-3.718308448791504,0.31264495849609375,-1.0716862110355123
159,-3.7211341857910156,0.5201575756072998,-1.1724991873752515
160,-3.7291479110717773,0.7273821830749512,-1.2842803606235975
161,-3.7412662506103516,0.9352952241897583,-1.379337423434663
162,-3.7536087036132812,1.1441845893859863,-1.4420760118614453
163,-3.762455940246582,1.3537311553955078,-1.473771677283139
164,-3.7669992446899414,1.563610315322876,-1.483955810815587
165,-3.7677412033081055,1.7736623287200928,-1.483702824849388
166,-2.9339256286621094,-1.7705199718475342,-1.4889894590667154
167,-2.9340810775756836,-1.5603909492492676,-1.485133837070407
168,-2.9307384490966797,-1.3504902124404907,-1.4520457832393276
169,-2.923956871032715,-1.141427755355835,-1.373552542047264
170,-2.9161691665649414,-0.9339027404785156,-1.248926054644926
171,-2.910898208618164,-0.7277499437332153,-1.0953094998258166
172,-2.9090499877929688,-0.5217680931091309,-0.9405303682765407
173,-2.909111976623535,-0.31453418731689453,-0.8173233059517315
174,-2.9108057022094727,-0.10549741983413696,-0.7514446016391503
175,-2.9070329666137695,0.10440421104431152,-0.766972339511085
176,-2.902377128601074,0.31294047832489014,-0.8521359129722441
177,-2.900991439819336,0.5197981595993042,-0.9844041215062589
178,-2.9029951095581055,0.7257192134857178,-1.1397722661829448
179,-2.9096384048461914,0.9322702884674072,-1.2840322026338526
180,-2.9184789657592773,1.1402614116668701,-1.394586104267546
181,-2.9256954193115234,1.3495872020721436,-1.4600090476028527
182,-2.929349899291992,1.5595476627349854,-1.4856127723346617
183,-2.9295740127563477,1.769684076309204,-1.4875005111282462
184,-2.0962963104248047,-1.7664546966552734,-1.4936938393236687
185,-2.096864700317383,-1.5561630725860596,-1.4856118067393709
186,-2.094799041748047,-1.3462884426116943,-1.4286745148199316
187,-2.091083526611328,-1.1381384134292603,-1.3048600930571865
188,-2.08821964263916,-0.9322889447212219,-1.1301250036322017
189,-2.087019920349121,-0.7273042798042297,-0.9402764167150508
190,-2.0864858627319336,-0.5216525197029114,-0.7631736876369359
191,-2.0876970291137695,-0.31465739011764526,-0.6145589164243574
192,-2.0965394973754883,-0.10544997453689575,-0.5097232701029952
193,-2.0922765731811523,0.10517334938049316,-0.5256053814466668
194,-2.084033966064453,0.3135570287704468,-0.6392182889617288
195,-2.0802974700927734,0.5200234651565552,-0.7996364970094874
196,-2.0793533325195312,0.7252154350280762,-0.9842573510220518
197,-2.080765724182129,0.9302783012390137,-1.1719999746098893
198,-2.0849313735961914,1.1367740631103516,-1.333176174960954
199,-2.089535713195801,1.345449686050415,-1.4404982291562192
200,-2.0920515060424805,1.5554747581481934,-1.4870177134828282
201,-2.091902732849121,1.7657756805419922,-1.492048464948084
202,-1.258829116821289,-1.7631205320358276,-1.4977609266886702
203,-1.2595510482788086,-1.5526432991027832,-1.486600576317187
204,-1.258718490600586,-1.3428702354431152,-1.4086471028927008
205,-1.2575702667236328,-1.1358979940414429,-1.2461123099674296
206,-1.2576932907104492,-0.9316575527191162,-1.0322358498331141
207,-1.2580804824829102,-0.7273415327072144,-0.8168733385462019
208,-1.2585487365722656,-0.522022008895874,-0.6141601255692422
209,-1.2632827758789062,-0.3161855936050415,-0.415383644593021
210,-1.287820816040039,-0.10666966438293457,-0.2479909417595536
211,-1.2787065505981445,0.10834276676177979,-0.2689684994529671
212,-1.2641057968139648,0.3159620761871338,-0.4283342086337143
213,-1.2544269561767578,0.5209473371505737,-0.639523417073633
214,-1.2519054412841797,0.7255603075027466,-0.8520914955888657
215,-1.2507429122924805,0.9295997619628906,-1.0707968977726523
216,-1.2513446807861328,1.1344373226165771,-1.2744786028263206
217,-1.2533397674560547,1.342104434967041,-1.4213495089436492
218,-1.254704475402832,1.5520851612091064,-1.4886901245265562
219,-1.2544240951538086,1.762570858001709,-1.4964361299496431
220,-0.42122840881347656,-1.7609381675720215,-1.5001662245581429
221,-0.4217643737792969,-1.5503480434417725,-1.4894934998085319
222,-0.421722412109375,-1.340576171875,-1.4042324012229983
223,-0.42157840728759766,-1.134193778038025,-1.2247243742754108
224,-0.4218568801879883,-0.9310251474380493,-0.9891336072407739
225,-0.4219532012939453,-0.7277268171310425,-0.7509154554197721
226,-0.4217367172241211,-0.524115800857544,-0.5099984647608835
227,-0.42619991302490234,-0.3219273090362549,-0.24499856195325265
228,-0.44028472900390625,-0.10994493961334229,-0.08070252321749649
229,-0.42383861541748047,0.1057668924331665,-0.0890298170056667
230,-0.4335613250732422,0.3195394277572632,-0.2690032608834372
231,-0.4208202362060547,0.5229759216308594,-0.5265632519751762
232,-0.4177694320678711,0.7267253398895264,-0.766848743313858
233,-0.4163522720336914,0.9299077987670898,-1.0070608494104363
234,-0.4158811569213867,1.1333465576171875,-1.2386878477761911
235,-0.4163675308227539,1.3400804996490479,-1.4108554193228429
236,-0.4168834686279297,1.5499610900878906,-1.4907960878558697
237,-0.4167957305908203,1.7605531215667725,-1.4996737709598165
238,0.41667938232421875,-1.7605793476104736,-1.4996757021503981
239,0.4167671203613281,-1.5499871969223022,-1.490812502975814
240,0.41625213623046875,-1.3401062488555908,-1.4108979055156396
241,0.41576576232910156,-1.133371353149414,-1.2387457834936413
242,0.41623687744140625,-0.9299328327178955,-1.0071187851278864
243,0.41765403747558594,-0.7267513275146484,-0.7668950918878181
244,0.4207038879394531,-0.5230022668838501,-0.5266047725726821
245,0.433441162109375,-0.31956714391708374,-0.2690312631468714
246,0.4237213134765625,-0.10579586029052734,-0.0890433353397384
247,0.4401741027832031,0.1099172830581665,-0.08067741773993475
248,0.4260845184326172,0.32190048694610596,-0.24496476611807338
249,0.42162132263183594,0.5240888595581055,-0.5099608065445409
250,0.42183876037597656,0.7277001142501831,-0.7508729692269753
251,0.42174339294433594,0.9309990406036377,-0.9890804994997779
252,0.4214649200439453,1.134167194366455,-1.2246731977249965
253,0.42160797119140625,1.3405485153198242,-1.4041966741972374
254,0.4216480255126953,1.5503201484680176,-1.4894741879027151
255,0.4211139678955078,1.7609100341796875,-1.500165258962852
256,1.2543087005615234,-1.7625973224639893,-1.4964399923308065
257,1.2545890808105469,-1.5521113872528076,-1.4887065396465005
258,1.253225326538086,-1.342130422592163,-1.4213842703741193
259,1.2512321472167969,-1.1344627141952515,-1.2745268825908624
260,1.2506294250488281,-0.9296250939369202,-1.0708422807513216
261,1.2517929077148438,-0.7255865335464478,-0.8521243258287541
262,1.2543144226074219,-0.5209741592407227,-0.6395436945747406
263,1.2639923095703125,-0.31598997116088867,-0.42833613982429597
264,1.2785968780517578,-0.10837244987487793,-0.268939531594242
265,1.2877120971679688,0.10664129257202148,-0.24795521473379267
266,1.2631645202636719,0.31615543365478516,-0.41534405518609674
267,1.2584304809570312,0.5219936370849609,-0.6141379168775529
268,1.2579631805419922,0.7273130416870117,-0.816854992235676
269,1.2575759887695312,0.9316295385360718,-1.0322107443555524
270,1.2574520111083984,1.1358702182769775,-1.2460833421087045
271,1.2586021423339844,1.3428423404693604,-1.4086200662245574
272,1.2594337463378906,1.5526151657104492,-1.4865851267925336
273,1.2587108612060547,1.763092279434204,-1.4977599610933794
274,2.091785430908203,-1.765802025794983,-1.4920513617339566
275,2.0919361114501953,-1.5555009841918945,-1.487030266221609
276,2.0894222259521484,-1.3454759120941162,-1.44052236903849
277,2.084819793701172,-1.136799931526184,-1.3332070740102608
278,2.0806541442871094,-0.9303042888641357,-1.1720231488968693
279,2.0792407989501953,-0.7252418398857117,-0.9842728005467052
280,2.0801868438720703,-0.5200504064559937,-0.7996374626047782
281,2.08392333984375,-0.31358474493026733,-0.6392018738417846
282,2.0921707153320312,-0.10520178079605103,-0.5255638608491608
283,2.0964279174804688,0.10542166233062744,-0.5096875430772343
284,2.0875797271728516,0.31462907791137695,-0.6145386389232499
285,2.086366653442383,0.5216234922409058,-0.7631688596604818
286,2.086902618408203,0.7272753715515137,-0.9402686919527241
287,2.088102340698242,0.9322601556777954,-1.1301163132745842
288,2.0909671783447266,1.1381101608276367,-1.3048407811513698
289,2.0946826934814453,1.3462600708007812,-1.4286580996999874
290,2.0967483520507812,1.5561347007751465,-1.4856011851911717
291,2.096179962158203,1.7664263248443604,-1.493686114561342
292,2.9294586181640625,-1.769710659980774,-1.487501476723537
293,2.9292354583740234,-1.559574007987976,-1.4856185659064067
294,2.9255828857421875,-1.3496137857437134,-1.4600216003416335
295,2.918367385864258,-1.1402877569198608,-1.3946015537921994
296,2.9095287322998047,-0.9322967529296875,-1.2840389618008885
297,2.9028873443603516,-0.7257457375526428,-1.1397751629688173
298,2.9008846282958984,-0.5198253393173218,-0.9843896375768963
299,2.902271270751953,-0.31296831369400024,-0.8521050139229374
300,2.9069290161132812,-0.10443246364593506,-0.766925025341834
301,2.910696029663086,0.1054692268371582,-0.7514040466369352
302,2.90899658203125,0.3145056962966919,-0.8173049596412056
303,2.9089317321777344,0.52173912525177,-0.9405255403000865
304,2.9107799530029297,0.7277206182479858,-1.0953104654211074
305,2.9160518646240234,0.9338738918304443,-1.24891929547789
306,2.923839569091797,1.1413989067077637,-1.3735428860943557
307,2.930622100830078,1.350461483001709,-1.4520370928817101
308,2.9339656829833984,1.5603623390197754,-1.485128043498662
309,2.9338111877441406,1.770491361618042,-1.4889884934714246
310,3.7676258087158203,-1.7736890316009521,-1.483702824849388
311,3.766885757446289,-1.563637137413025,-1.4839596731967504
312,3.7623443603515625,-1.3537579774856567,-1.4737745740690116
313,3.753498077392578,-1.1442111730575562,-1.4420818054331903
314,3.7411575317382812,-0.9353216886520386,-1.3793412858158263
315,3.7290420532226562,-0.7274091243743896,-1.2842678078848166
316,3.7210311889648438,-0.5201849937438965,-1.172472150707108
317,3.7182083129882812,-0.3126727342605591,-1.0716427592474247
318,3.7193031311035156,-0.10407119989395142,-1.0084918616314553
319,3.723602294921875,0.1054450273513794,-0.9906988372072192
320,3.726215362548828,0.31440865993499756,-1.0331502685735359
321,3.728849411010742,0.5220469236373901,-1.1305575903224963
322,3.735361099243164,0.7290400266647339,-1.2490882746537864
323,3.746326446533203,0.9366137981414795,-1.3553124470033708
324,3.7583045959472656,1.145259141921997,-1.4297482567833413
325,3.767141342163086,1.354719877243042,-1.469825289329492
326,3.7715206146240234,1.5645735263824463,-1.4841257555867742
327,3.77197265625,1.7746169567108154,-1.4847302182388376
328,4.606529235839844,-1.7771685123443604,-1.4812598687635727
329,4.60527229309082,-1.5671162605285645,-1.4821607691699228
330,4.600105285644531,-1.3572602272033691,-1.480191920371908
331,4.590490341186523,-1.147652506828308,-1.4694525695472294
332,4.576715469360352,-0.9384037256240845,-1.442171605795238
333,4.561004638671875,-0.7296196222305298,-1.3948786796406694
334,4.546987533569336,-0.5212284922599792,-1.3337844999941808
335,4.537530899047852,-0.3128257989883423,-1.2755687599096746
336,4.533044815063477,-0.10395628213882446,-1.2403042542930507
337,4.536304473876953,0.10537827014923096,-1.2263118129335453
338,4.543203353881836,0.31437957286834717,-1.2470846644253015
339,4.552268981933594,0.5227628946304321,-1.3053216476062062
340,4.565462112426758,0.7309858798980713,-1.3737244180090329
341,4.580907821655273,0.9396035671234131,-1.4297888117855564
342,4.59492301940918,1.1487574577331543,-1.464053926276165
343,4.604732513427734,1.358323574066162,-1.478960786376092
344,4.609834671020508,1.5681638717651367,-1.4825354201427672
345,4.610862731933594,1.7782130241394043,-1.4817677718865525
346,5.446285247802734,-1.7797811031341553,-1.4801475029885296
347,5.444517135620117,-1.5696569681167603,-1.4807027202807603
348,5.438850402832031,-1.3597371578216553,-1.4814037424619073
349,5.428918838500977,-1.1500508785247803,-1.4802064043012706
350,5.414905548095703,-0.940608561038971,-1.473825750619426
351,5.398317337036133,-0.7314165830612183,-1.460154852491769
352,5.381725311279297,-0.5223745107650757,-1.4408265315551034
353,5.368284225463867,-0.3133237957954407,-1.4219587995721668
354,5.360158920288086,-0.10407888889312744,-1.4117138335363961
355,5.362016677856445,0.1054161787033081,-1.405029982933229
356,5.371192932128906,0.3146672248840332,-1.4091675587544614
357,5.384904861450195,0.5236884355545044,-1.4289275007861306
358,5.401727676391602,0.7326757907867432,-1.4521278588390487
359,5.418752670288086,0.9418072700500488,-1.4698474980211813
360,5.433197021484375,1.1512036323547363,-1.478960786376092
361,5.443365097045898,1.3608617782592773,-1.481382499365509
362,5.44902229309082,1.5707745552062988,-1.4809537750563777
363,5.450605392456055,1.7808942794799805,-1.4802797895433741
364,6.286848068237305,-1.7813931703567505,-1.4799263816669281
365,6.284631729125977,-1.5711743831634521,-1.479967902264434
366,6.278539657592773,-1.3611464500427246,-1.4807036858760512
367,6.268346786499023,-1.1513372659683228,-1.4821636659557953
368,6.254417419433594,-0.9417385458946228,-1.4839490516485512
369,6.238161087036133,-0.7323228120803833,-1.4856089099534984
370,6.221836090087891,-0.5229972004890442,-1.487048612532135
371,6.208251953125,-0.313662052154541,-1.4887702689356956
372,6.199758529663086,-0.10420620441436768,-1.4909196840530967
373,6.201166152954102,0.10542750358581543,-1.4895977840999421
374,6.21034049987793,0.3148754835128784,-1.4866691335828364
375,6.224422454833984,0.5242033004760742,-1.4856378778122235
376,6.241342544555664,0.7335087060928345,-1.4851367338562795
377,6.258182525634766,0.9428985118865967,-1.48412092761032
378,6.272552490234375,1.1524770259857178,-1.4825334889521855
379,6.28300666809082,1.362274169921875,-1.4809528094610869
380,6.289115905761719,1.572298526763916,-1.4800297003630476
381,6.291187286376953,1.7825171947479248,-1.4798809986882588
382,7.128145217895508,-1.7820508480072021,-1.4800895672710794
383,7.12550163269043,-1.571725845336914,-1.4799263816669281
384,7.1190338134765625,-1.361584186553955,-1.480150399774402
385,7.108558654785156,-1.151646375656128,-1.4812569719777002
386,7.094621658325195,-0.9419195652008057,-1.4836873753247346
387,7.078697204589844,-0.7323759198188782,-1.4874657496977761
388,7.063039779663086,-0.5229588747024536,-1.4919972883976698
389,7.050201416015625,-0.3135911226272583,-1.4963579167310854
390,7.042119979858398,-0.10418331623077393,-1.4995781770260237
391,7.043519973754883,0.10529422760009766,-1.5000686994337684
392,7.052255630493164,0.3146944046020508,-1.4976904382324392
393,7.065591812133789,0.5240616798400879,-1.4936523187261628
394,7.081857681274414,0.7334680557250977,-1.4889720783514804
395,7.098369598388672,0.9430084228515625,-1.4847234590718017
396,7.112751007080078,1.1527326107025146,-1.4817677718865525
397,7.123479843139648,1.3626680374145508,-1.480280755138665
398,7.129983901977539,1.57281494140625,-1.4798809986882588
399,7.132528305053711,1.7831499576568604,-1.4800229411960117
0,-7.960179328918457,-1.9900596141815186,-1.802878417044667
1,7.955654144287109,-1.988913893699646,-1.8028890385928662
2,-7.955785751342773,1.9888813495635986,-1.8028890385928662
3,7.960041046142578,1.9900257587432861,-1.8028793826399578
4,-7.956173896789551,1.778350830078125,-1.8025848760762528
5,-7.951495170593262,1.5678670406341553,-1.8024043097568665
6,-7.940996170043945,1.357611894607544,-1.8027403369180774
7,-7.925116539001465,1.147705078125,-1.8042003169978216
8,-7.905118942260742,0.938206672668457,-1.807514240035971
9,-7.883028030395508,0.7291277647018433,-1.8128452916366768
10,-7.861528396606445,0.5204275846481323,-1.8182796619335022
11,-7.843768119812012,0.311975359916687,-1.8206917189700107
12,-7.831865310668945,0.10359692573547363,-1.8229821109998738
13,-7.833019256591797,-0.10479164123535156,-1.8254617597067408
14,-7.845364570617676,-0.3131621479988098,-1.8244285727455463
15,-7.863576889038086,-0.5216187238693237,-1.8218069815309264
16,-7.885530471801758,-0.7303126454353333,-1.815654208337719
17,-7.908143043518066,-0.9393794536590576,-1.8091827886985357
18,-7.928706169128418,-1.1488697528839111,-1.8049389973953112
19,-7.945046424865723,-1.3587772846221924,-1.8029286279997905
20,-7.955827713012695,-1.569037914276123,-1.8023550643970339
21,-7.960593223571777,-1.779529094696045,-1.8025114908341493
22,-7.118050575256348,-1.9901788234710693,-1.8025105252388585
23,-6.276082992553711,-1.9890024662017822,-1.802354098801743
24,-5.4350385665893555,-1.9863207340240479,-1.8029266968092088
25,-4.595396995544434,-1.982252836227417,-1.8049389973953112
26,-3.757415771484375,-1.9771366119384766,-1.8091731327456273
27,-2.921140670776367,-1.9714926481246948,-1.8156735202435357
28,-2.0863523483276367,-1.9660041332244873,-1.8218707108201215
29,-1.2525177001953125,-1.9614548683166504,-1.824565687276845
30,-0.41904258728027344,-1.9583520889282227,-1.8256655003131073
31,0.4145221710205078,-1.9579551219940186,-1.8231858516062402
32,1.248037338256836,-1.9609360694885254,-1.8208442830259628
33,2.081838607788086,-1.9653656482696533,-1.8183530471756058
34,2.916645050048828,-1.9707376956939697,-1.8128964681870912
35,3.752962112426758,-1.976264476776123,-1.8075219647982976
36,4.590959548950195,-1.9812597036361694,-1.804209007355439
37,5.430583953857422,-1.9852242469787598,-1.80274323370395
38,6.271602630615234,-1.9878456592559814,-1.802401412970994
39,7.113533020019531,-1.9890133142471313,-1.8025848760762528
40,7.956043243408203,-1.778383731842041,-1.8025848760762528
41,7.951366424560547,-1.5678999423980713,-1.8024043097568665
42,7.940868377685547,-1.3576445579528809,-1.8027422681086591
43,7.924989700317383,-1.1477378606796265,-1.8042003169978216
44,7.904993057250977,-0.9382395148277283,-1.8075103776548076
45,7.882902145385742,-0.7291609048843384,-1.8128433604460952
46,7.8614044189453125,-0.5204605460166931,-1.818293180267574
47,7.8436431884765625,-0.31200820207595825,-1.8207033061135007
48,7.83173942565918,-0.10363006591796875,-1.823004319691563
49,7.832880020141602,0.104758620262146,-1.8254337574433066
50,7.845226287841797,0.313129186630249,-1.8244874740582873
51,7.863439559936523,0.5215855836868286,-1.8218040847450538
52,7.88538932800293,0.7302795648574829,-1.815648414765974
53,7.908002853393555,0.939346194267273,-1.8091779607220815
54,7.928565979003906,1.148836374282837,-1.8049370662047295
55,7.944906234741211,1.358743667602539,-1.8029276624044996
56,7.9556884765625,1.5690042972564697,-1.8023550643970339
57,7.960454940795898,1.7794952392578125,-1.8025114908341493
58,7.117912292480469,1.990144968032837,-1.8025105252388585
59,6.275943756103516,1.9889683723449707,-1.802354098801743
60,5.434900283813477,1.9862861633300781,-1.802925731213918
61,4.5952606201171875,1.9822180271148682,-1.8049380318000203
62,3.7572803497314453,1.9771013259887695,-1.8091712015550456
63,2.9210052490234375,1.9714577198028564,-1.815671589052954
64,2.0862178802490234,1.9659693241119385,-1.8218456053425598
65,1.2523822784423828,1.9614198207855225,-1.8246091390649326
66,0.41890907287597656,1.9583170413970947,-1.8256761218613065
67,-0.4146547317504883,1.9579224586486816,-1.8232070947026386
68,-1.2481689453125,1.9609036445617676,-1.8208269023107277
69,-2.081973075866699,1.9653334617614746,-1.8183771870578767
70,-2.916776657104492,1.970705509185791,-1.8128868122341828
71,-3.753093719482422,1.9762325286865234,-1.8075267927747518
72,-4.591090202331543,1.9812276363372803,-1.80420997295073
73,-5.430716514587402,1.985192060470581,-1.8027422681086591
74,-6.271735191345215,1.9878129959106445,-1.802401412970994
75,-7.113666534423828,1.988980770111084,-1.8025848760762528
76,-7.118939399719238,-1.7797657251358032,-1.8025674953610178
77,-7.114541053771973,-1.5695676803588867,-1.8029807701454956
78,-7.104231834411621,-1.3596696853637695,-1.8037706270933995
79,-7.088200569152832,-1.1500896215438843,-1.8047536030994706
80,-7.067739486694336,-0.9408027529716492,-1.8062927619930633
81,-7.044918060302734,-0.7317551374435425,-1.8091721671503365
82,-7.022472381591797,-0.5228772163391113,-1.8134825845286286
83,-7.003722190856934,-0.31404435634613037,-1.819028963879191
84,-6.99082088470459,-0.10516774654388428,-1.8247674966926297
85,-6.989835739135742,0.1038442850112915,-1.8253632689870756
86,-7.002023696899414,0.3127368688583374,-1.8195725940279317
87,-7.020458221435547,0.5215692520141602,-1.8138610978826364
88,-7.042407035827637,0.7304637432098389,-1.8093961852578104
89,-7.064679145812988,0.9395290613174438,-1.8063864247362744
90,-7.084601402282715,1.1488432884216309,-1.8046918050008571
91,-7.100167274475098,1.3584482669830322,-1.8036257877997741
92,-7.11018180847168,1.5683610439300537,-1.8028880729975754
93,-7.114493370056152,1.7785608768463135,-1.8025742545280536
94,-6.278156280517578,-1.7786802053451538,-1.8029798045502048
95,-6.274430274963379,-1.5686497688293457,-1.8033447995701408
96,-6.264570236206055,-1.3589363098144531,-1.8017815007942772
97,-6.248764991760254,-1.1495715379714966,-1.7955138217614603
98,-6.228453636169434,-0.9405308961868286,-1.7833029037135475
99,-6.205836296081543,-0.7317408919334412,-1.7675482509482663
100,-6.183554649353027,-0.523046612739563,-1.7535876742333585
101,-6.16468620300293,-0.31428223848342896,-1.7479939807135452
102,-6.150918960571289,-0.10534036159515381,-1.7555372111255565
103,-6.149553298950195,0.10387790203094482,-1.7618753786146044
104,-6.162192344665527,0.3128330707550049,-1.75910991370165
105,-6.180942535400391,0.5216082334518433,-1.7644612428034634
106,-6.20301628112793,0.7303465604782104,-1.7761661889189782
107,-6.22531795501709,0.9391920566558838,-1.788819349610094
108,-6.245140075683594,1.1482906341552734,-1.7981595528583512
109,-6.260428428649902,1.357701301574707,-1.8025655641704361
110,-6.2700090408325195,1.5674426555633545,-1.8033525243324675
111,-6.273699760437012,1.7774860858917236,-1.8028861418069937
112,-5.4385528564453125,-1.7761168479919434,-1.8037725582839812
113,-5.4355573654174805,-1.5662031173706055,-1.801782466389568
114,-5.426233291625977,-1.3566224575042725,-1.7918435940609925
115,-5.410900115966797,-1.1474779844284058,-1.7671996710482745
116,-5.3917131423950195,-0.9388360977172852,-1.7241302586958227
117,-5.371921539306641,-0.7306562066078186,-1.667253799279706
118,-5.354188919067383,-0.5225876569747925,-1.6106795711896211
119,-5.339468002319336,-0.3142019510269165,-1.5743529107530776
120,-5.3260087966918945,-0.1053687334060669,-1.5759181407195229
121,-5.322978973388672,0.10374939441680908,-1.590389517343283
122,-5.3339385986328125,0.3125413656234741,-1.6016145625992522
123,-5.349015235900879,0.5209347009658813,-1.6387243208166637
124,-5.367647171020508,0.729114294052124,-1.6901413044583933
125,-5.38796329498291,0.9374475479125977,-1.7396444782336857
126,-5.407074928283691,1.1462204456329346,-1.775749051753337
127,-5.4219865798950195,1.3554446697235107,-1.7953796040160341
128,-5.431029319763184,1.5650553703308105,-1.8025443210740377
129,-5.434042930603027,1.7749876976013184,-1.803615166251575
130,-4.6002197265625,-1.7721261978149414,-1.8047545686947615
131,-4.598100662231445,-1.5622739791870117,-1.7955186497379145
132,-4.58964729309082,-1.3528053760528564,-1.767196774262402
133,-4.575643539428711,-1.1439942121505737,-1.7110869975072092
134,-4.5596923828125,-0.9361234307289124,-1.6239555408433262
135,-4.546332359313965,-0.7291265726089478,-1.51451883296113
136,-4.537540435791016,-0.5222315788269043,-1.405682725349834
137,-4.530911445617676,-0.31437206268310547,-1.3305980355344218
138,-4.521109580993652,-0.10545945167541504,-1.3162154936774186
139,-4.516326904296875,0.10376203060150146,-1.335944536659781
140,-4.522190093994141,0.3125039339065552,-1.3697847892224218
141,-4.529401779174805,0.5202897787094116,-1.4472419466674182
142,-4.539919853210449,0.7273557186126709,-1.5503182783688771
143,-4.554742813110352,0.9346355199813843,-1.6507817092133337
144,-4.571232795715332,1.1427481174468994,-1.728357634879103
145,-4.585121154785156,1.351712942123413,-1.7756689073441976
146,-4.593402862548828,1.561234474182129,-1.7980977547597377
147,-4.5956220626831055,1.7711000442504883,-1.8046773210714946
148,-3.7630624771118164,-1.7670295238494873,-1.8062840716354458
149,-3.7619218826293945,-1.5572080612182617,-1.7832874541888941
150,-3.75506591796875,-1.3480180501937866,-1.7241119123852968
151,-3.744173049926758,-1.1400160789489746,-1.6239468504857086
152,-3.7333974838256836,-0.9334364533424377,-1.4893148646797272
153,-3.726527214050293,-0.7278448939323425,-1.3353989753204587
154,-3.7240352630615234,-0.5220370888710022,-1.1881447278726682
155,-3.7230615615844727,-0.31462180614471436,-1.0816849502721197
156,-3.7199745178222656,-0.10551899671554565,-1.0412612690165588
157,-3.7150697708129883,0.10408997535705566,-1.0606050394778777
158,-3.714923858642578,0.3128453493118286,-1.119891624739921
159,-3.7161731719970703,0.5200858116149902,-1.23001293968332
160,-3.7194061279296875,0.7259447574615479,-1.3753707579799084
161,-3.7270822525024414,0.9317101240158081,-1.5251065853251475
162,-3.738788604736328,1.1386330127716064,-1.6505982461080748
163,-3.7500410079956055,1.3469364643096924,-1.7394233569120843
164,-3.7570266723632812,1.5562736988067627,-1.788689959841122
165,-3.7583751678466797,1.766117811203003,-1.806353594496386
166,-2.9268798828125,-1.7613377571105957,-1.809145130482193
167,-2.9267711639404297,-1.55156409740448,-1.7674816248731986
168,-2.9223546981811523,-1.343080997467041,-1.6672180722539451
169,-2.9161758422851562,-1.1366851329803467,-1.5145526287963094
170,-2.9110517501831055,-0.9317295551300049,-1.3353700074617336
171,-2.90765380859375,-0.7270028591156006,-1.153642076940514
172,-2.9062023162841797,-0.5215439200401306,-0.9868248689003849
173,-2.908113479614258,-0.3145851492881775,-0.853803496039518
174,-2.912477493286133,-0.10552692413330078,-0.7811154137359608
175,-2.907778739929199,0.10448658466339111,-0.7989045757790336
176,-2.90242862701416,0.3131660223007202,-0.8846870958216186
177,-2.9010419845581055,0.5200531482696533,-1.0193190816276
178,-2.9011878967285156,0.7252267599105835,-1.1912230456598536
179,-2.9040489196777344,0.9297891855239868,-1.375243299401518
180,-2.909684181213379,1.1349310874938965,-1.5499938383511562
181,-2.9167118072509766,1.3418688774108887,-1.6897473415797322
182,-2.921659469604492,1.550706148147583,-1.7759160997386516
183,-2.922125816345215,1.7605500221252441,-1.809333421563906
184,-2.091358184814453,-1.7557363510131836,-1.813451685479322
185,-2.091984748840332,-1.5460138320922852,-1.7533935895799004
186,-2.0900793075561523,-1.3386777639389038,-1.610427550818713
187,-2.088602066040039,-1.1345146894454956,-1.4055919593924955
188,-2.08782958984375,-0.931145191192627,-1.1880558931059113
189,-2.085956573486328,-0.7267177104949951,-0.9863198625632776
190,-2.0846691131591797,-0.5212884545326233,-0.8013069768626337
191,-2.088242530822754,-0.31457310914993286,-0.6398777905453699
192,-2.104339599609375,-0.1053628921508789,-0.5142113570148013
193,-2.0963268280029297,0.10538387298583984,-0.5413976924282906
194,-2.0849266052246094,0.3136627674102783,-0.6646984174963109
195,-2.0811595916748047,0.5202025175094604,-0.828105142969207
196,-2.080477714538574,0.7251790761947632,-1.0194233659190104
197,-2.080585479736328,0.9289706945419312,-1.2299984557539574
198,-2.0814409255981445,1.1323068141937256,-1.4467919792618886
199,-2.08400821685791,1.337224006652832,-1.638057094470696
200,-2.0866899490356445,1.5452008247375488,-1.7640315528990413
201,-2.086531639099121,1.7550723552703857,-1.8137674351394253
202,-1.256032943725586,-1.751037836074829,-1.8189719937570317
203,-1.256948471069336,-1.5412826538085938,-1.7475459444985972
204,-1.2565803527832031,-1.3350106477737427,-1.5735002901112694
205,-1.2572078704833984,-1.1328864097595215,-1.3298178345394263
206,-1.2582159042358398,-0.9309284090995789,-1.0811152490505265
207,-1.2581396102905273,-0.7272546291351318,-0.8530078455198691
208,-1.258193016052246,-0.5223934650421143,-0.638846534774757
209,-1.2678031921386719,-0.3182840943336487,-0.4128132299288154
210,-1.2940950393676758,-0.10648810863494873,-0.2542113066231195
211,-1.2842607498168945,0.10901856422424316,-0.27438645462984823
212,-1.2677440643310547,0.3168872594833374,-0.43671364456758965
213,-1.2549943923950195,0.5211535692214966,-0.6650151327517051
214,-1.2528657913208008,0.7255125045776367,-0.8850356757216105
215,-1.2516136169433594,0.92866051197052,-1.1197825124720566
216,-1.2503175735473633,1.130519151687622,-1.3689814139404461
217,-1.2504606246948242,1.3334734439849854,-1.6006035843297468
218,-1.2516002655029297,1.5405118465423584,-1.7585015886684232
219,-1.2512149810791016,1.7504634857177734,-1.819471206522394
220,-0.4205207824707031,-1.7478097677230835,-1.824654522043602
221,-0.4211845397949219,-1.537845492362976,-1.75474445739178
222,-0.4212779998779297,-1.3316481113433838,-1.5742669727721932
223,-0.42162513732910156,-1.130420207977295,-1.3143789314342484
224,-0.4219179153442383,-0.9300553202629089,-1.0401093138345914
225,-0.4219856262207031,-0.7280779480934143,-0.7807967672899849
226,-0.42154884338378906,-0.5258684158325195,-0.5151238445646413
227,-0.4335508346557617,-0.32327020168304443,-0.24630501238175384
228,-0.44353485107421875,-0.11092287302017212,-0.08161018279088239
229,-0.42574119567871094,0.10361838340759277,-0.08690743855640903
230,-0.4363746643066406,0.32056868076324463,-0.27190004675594537
231,-0.4217538833618164,0.5238977670669556,-0.5425834434454373
232,-0.41815757751464844,0.726807713508606,-0.7992637772272246
233,-0.41664791107177734,0.928722620010376,-1.0598518751510255
234,-0.4153900146484375,1.129098653793335,-1.3344102057426426
235,-0.4152994155883789,1.3307526111602783,-1.5889198813106304
236,-0.41579627990722656,1.5373563766479492,-1.7611386294076965
237,-0.4156637191772461,1.74741792678833,-1.825266709457992
238,0.4155311584472656,-1.747450351715088,-1.8252773310061912
239,0.4156627655029297,-1.537388563156128,-1.7611724252428758
240,0.4151649475097656,-1.3307831287384033,-1.5889855417904073
241,0.4152545928955078,-1.1291288137435913,-1.3344864877706186
242,0.41650962829589844,-0.9287527203559875,-1.059919466821384
243,0.41802024841308594,-0.7268402576446533,-0.7993197817540931
244,0.4216156005859375,-0.5239289999008179,-0.5426346199958516
245,0.4362316131591797,-0.32060205936431885,-0.27194736092519634
246,0.4258270263671875,-0.10365849733352661,-0.08691902569989907
247,0.4434394836425781,0.1108863353729248,-0.08156962778866728
248,0.43345069885253906,0.3232353925704956,-0.2462634917842479
249,0.4214191436767578,0.5258368253707886,-0.5150755648000995
250,0.42185401916503906,0.7280446290969849,-0.7807475219301523
251,0.4217853546142578,0.9300239086151123,-1.0400552404983046
252,0.4214897155761719,1.1303880214691162,-1.3143209957167983
253,0.421142578125,1.3316147327423096,-1.5742225553888147
254,0.421051025390625,1.537811279296875,-1.7547145239377642
255,0.42038726806640625,1.7477748394012451,-1.8246516252577294
256,1.2510833740234375,-1.7504957914352417,-1.8194837592611748
257,1.2514686584472656,-1.540543556213379,-1.7585373156941841
258,1.2503280639648438,-1.3335038423538208,-1.6006605544519061
259,1.2501850128173828,-1.1305500268936157,-1.3690451432296413
260,1.2514801025390625,-0.9286908507347107,-1.1198365858083434
261,1.252737045288086,-0.7255447506904602,-0.8850762307238256
262,1.2548675537109375,-0.5211853981018066,-0.6650383070386852
263,1.2676219940185547,-0.31692129373550415,-0.43671364456758965
264,1.2841758728027344,-0.10905426740646362,-0.2743323812935614
265,1.2939949035644531,0.10644710063934326,-0.25414178376217933
266,1.2676753997802734,0.31824958324432373,-0.4127784684983453
267,1.2580547332763672,0.5223586559295654,-0.6388214292971952
268,1.2579994201660156,0.7272193431854248,-0.8529875680187615
269,1.258077621459961,0.9308940172195435,-1.081094971549419
270,1.2570686340332031,1.1328513622283936,-1.3297927290618645
271,1.2564430236816406,1.3349766731262207,-1.5734693910619626
272,1.2568130493164062,1.5412483215332031,-1.7475208390210355
273,1.2558975219726562,1.7510027885437012,-1.8189681313758683
274,2.0863990783691406,-1.7551041841506958,-1.8137799878782062
275,2.086557388305664,-1.5452325344085693,-1.764062451948348
276,2.0838756561279297,-1.3372547626495361,-1.6380976494729111
277,2.081308364868164,-1.1323376893997192,-1.4468325342641037
278,2.0804519653320312,-0.929002046585083,-1.2300264580173916
279,2.0803451538085938,-0.725211501121521,-1.0194397810389546
280,2.0810279846191406,-0.5202350616455078,-0.8281070741597887
281,2.0848045349121094,-0.31369727849960327,-0.6646771743999125
282,2.0962181091308594,-0.10541719198226929,-0.541354240640203
283,2.1042213439941406,0.10532915592193604,-0.5141708020125861
284,2.088115692138672,0.3145393133163452,-0.6398517194725173
285,2.08453369140625,0.5212534666061401,-0.8012982865050162
286,2.0858211517333984,0.7266829013824463,-0.9863111722056601
287,2.0876922607421875,0.9311099052429199,-1.1880510651294571
288,2.0884666442871094,1.1344799995422363,-1.4055755442725513
289,2.0899429321289062,1.3386428356170654,-1.6104101701034779
290,2.091848373413086,1.5459792613983154,-1.7533742776740837
291,2.0912227630615234,1.7557015419006348,-1.8134352703593777
292,2.9219932556152344,-1.760581612586975,-1.809340180730942
293,2.921527862548828,-1.5507380962371826,-1.775931549263305
294,2.9165821075439453,-1.34190034866333,-1.6897695502714214
295,2.909555435180664,-1.1349629163742065,-1.5500150814475546
296,2.903921127319336,-0.9298211336135864,-1.3752510241638447
297,2.90106201171875,-0.7252593040466309,-1.1912317360174711
298,2.900920867919922,-0.5200864672660828,-1.0193045976982376
299,2.902313232421875,-0.31320029497146606,-0.8846542655817302
300,2.9076690673828125,-0.10452049970626831,-0.7988514680380376
301,2.9123592376708984,0.10549318790435791,-0.7810719619478732
302,2.9079818725585938,0.31455135345458984,-0.8537841841337013
303,2.9060630798339844,0.521509051322937,-0.9868229377098032
304,2.907510757446289,0.7269678115844727,-1.1536459393216774
305,2.9109115600585938,0.931694507598877,-1.3353671106758611
306,2.916036605834961,1.1366503238677979,-1.5145420072481102
307,2.9222183227539062,1.3430464267730713,-1.6672045539198734
308,2.9266357421875,1.5515291690826416,-1.767468106539127
309,2.926746368408203,1.761303186416626,-1.8091374057198664
310,3.7582435607910156,-1.7661494016647339,-1.8063584224728402
311,3.75689697265625,-1.5563054084777832,-1.7886996157940303
312,3.749910354614258,-1.346968173980713,-1.739431081674411
313,3.738658905029297,-1.1386644840240479,-1.6506079020609832
314,3.7269535064697266,-0.9317416548728943,-1.525116241278056
315,3.719280242919922,-0.7259774208068848,-1.3753562740505458
316,3.7160511016845703,-0.5201187133789062,-1.2299859030151765
317,3.7148075103759766,-0.3128790855407715,-1.1198433449753793
318,3.7149600982666016,-0.10412359237670898,-1.0605355166169375
319,3.7198543548583984,0.10548543930053711,-1.0412100924661445
320,3.722930908203125,0.31458842754364014,-1.0816666039615939
321,3.7238998413085938,0.522003173828125,-1.1881370031103415
322,3.7263870239257812,0.7278100252151489,-1.3354115280592396
323,3.7332592010498047,0.9334017038345337,-1.489315830275018
324,3.7440357208251953,1.1399815082550049,-1.6239487816762903
325,3.7549304962158203,1.3479833602905273,-1.7241012908370976
326,3.7617855072021484,1.557173252105713,-1.783281660617149
327,3.7629261016845703,1.7669947147369385,-1.8062811748495733
328,4.595491409301758,-1.771131992340088,-1.804675389880913
329,4.593273162841797,-1.5612664222717285,-1.7981006515456102
330,4.584993362426758,-1.3517448902130127,-1.7756737353206518
331,4.57110595703125,-1.142780065536499,-1.7283586004743938
332,4.554618835449219,-0.934667706489563,-1.6507720532604253
333,4.539798736572266,-0.7273883819580078,-1.5502989664630604
334,4.5292816162109375,-0.5203226804733276,-1.447208150832239
335,4.522075653076172,-0.31253737211227417,-1.36972492231439
336,4.516218185424805,-0.10379564762115479,-1.33586246106006
337,4.520984649658203,0.10542595386505127,-1.3161710762940402
338,4.530780792236328,0.3143388032913208,-1.3305709988662784
339,4.537403106689453,0.522197961807251,-1.4056672758251807
340,4.546194076538086,0.7290927171707153,-1.514508211412931
341,4.559551239013672,0.936089038848877,-1.623962300010362
342,4.575504302978516,1.1439597606658936,-1.7110889286977908
343,4.589508056640625,1.3527705669403076,-1.7672044990247286
344,4.597963333129883,1.562239646911621,-1.7955128561661695
345,4.6000823974609375,1.7720913887023926,-1.8047507063135981
346,5.43391227722168,-1.7750197649002075,-1.8036161318468658
347,5.430898666381836,-1.5650873184204102,-1.8025472178599102
348,5.421855926513672,-1.3554768562316895,-1.7953796040160341
349,5.406944274902344,-1.1462523937225342,-1.7757480861580461
350,5.387836456298828,-0.9374797940254211,-1.7396328910901957
351,5.367523193359375,-0.7291465997695923,-1.6901219925525766
352,5.348894119262695,-0.5209676027297974,-1.6386837658144486
353,5.333820343017578,-0.31257450580596924,-1.601556626881802
354,5.32286262512207,-0.1037825345993042,-1.5903209600776336
355,5.325878143310547,0.10533559322357178,-1.5758833792890528
356,5.339332580566406,0.3141688108444214,-1.5743297364660975
357,5.354053497314453,0.5225546360015869,-1.610657362497932
358,5.371784210205078,0.7306228876113892,-1.6672354529691802
359,5.391572952270508,0.9388023614883423,-1.724128327505241
360,5.410758972167969,1.1474440097808838,-1.7672093270011828
361,5.426094055175781,1.356588363647461,-1.7918484220374467
362,5.435419082641602,1.566169023513794,-1.8017872943660223
363,5.43841552734375,1.7760822772979736,-1.8037725582839812
364,6.273569107055664,-1.7775182723999023,-1.8028861418069937
365,6.269880294799805,-1.5674748420715332,-1.8033515587371767
366,6.26030158996582,-1.3577336072921753,-1.8025636329798544
367,6.245014190673828,-1.1483230590820312,-1.7981585872630603
368,6.225191116333008,-0.9392244815826416,-1.7888106592524764
369,6.202892303466797,-0.7303792238235474,-1.776148808203743
370,6.180820465087891,-0.5216410160064697,-1.7644371029211925
371,6.162071228027344,-0.3128659129142761,-1.7590722554853073
372,6.149431228637695,-0.10391086339950562,-1.7618338580170985
373,6.150783538818359,0.10530745983123779,-1.7555150024338673
374,6.164552688598633,0.31424927711486816,-1.7479746688077284
375,6.183418273925781,0.523013710975647,-1.75356643113696
376,6.205698013305664,0.7317076921463013,-1.767532801423613
377,6.228313446044922,0.9404975175857544,-1.7832951789512208
378,6.248624801635742,1.1495380401611328,-1.7955167185473329
379,6.264430999755859,1.3589022159576416,-1.801788259961313
380,6.2742919921875,1.5686159133911133,-1.8033486619513042
381,6.278017044067383,1.7786462306976318,-1.8029817357407865
382,7.114362716674805,-1.7785933017730713,-1.8025742545280536
383,7.110052108764648,-1.5683932304382324,-1.8028880729975754
384,7.10003662109375,-1.35848069190979,-1.8036257877997741
385,7.08447265625,-1.1488757133483887,-1.8046898738102755
386,7.064554214477539,-0.939561665058136,-1.806382562355111
387,7.042280197143555,-0.7304964065551758,-1.8093836325190296
388,7.020330429077148,-0.5216017365455627,-1.8138591666920547
389,7.001899719238281,-0.3127695322036743,-1.8195658348608958
390,6.989709854125977,-0.1038772463798523,-1.825348785057713
391,6.990682601928711,0.10513496398925781,-1.8247559095491397
392,7.003583908081055,0.3140115737915039,-1.8190279982839002
393,7.022335052490234,0.5228443145751953,-1.8134767909568836
394,7.044778823852539,0.7317221164703369,-1.809157683220974
395,7.067598342895508,0.9407696723937988,-1.8062840716354458
396,7.08806037902832,1.1500563621520996,-1.8047526375041798
397,7.104093551635742,1.3596360683441162,-1.8037725582839812
398,7.114402770996094,1.5695340633392334,-1.8029817357407865
399,7.118801116943359,1.7797322273254395,-1.8025694265515995
0,-7.94167423248291,-1.9855254888534546,-2.152693313413465
1,7.93766975402832,-1.9843571186065674,-2.1527444899638795
2,-7.93781852722168,1.9843156337738037,-2.1527444899638795
3,7.941518783569336,1.9854884147644043,-2.152693313413465
4,-7.938093185424805,1.7737805843353271,-2.15296464569019
5,-7.930852890014648,1.5633599758148193,-2.153658908704301
6,-7.915746688842773,1.353280782699585,-2.155045503541942
7,-7.893864631652832,1.1436715126037598,-2.1578689041723464
8,-7.866670608520508,0.934599757194519,-2.1645170277497527
9,-7.835677146911621,0.7261089086532593,-2.179023165803983
10,-7.803993225097656,0.5181676149368286,-2.199625106929261
11,-7.777600288391113,0.31053829193115234,-2.2059478248936557
12,-7.758945465087891,0.1030505895614624,-2.2143291920181127
13,-7.7583818435668945,-0.10448074340820312,-2.225908610745819
14,-7.777565002441406,-0.3119620084762573,-2.2160035342524225
15,-7.8043975830078125,-0.5195826888084412,-2.206724163507488
16,-7.836845397949219,-0.7274855375289917,-2.183952529763701
17,-7.868556022644043,-0.9359356760978699,-2.1667446560857115
18,-7.896352767944336,-1.1449695825576782,-2.1588045660091666
19,-7.918767929077148,-1.354541301727295,-2.155543750712013
20,-7.934356689453125,-1.564591407775879,-2.1539524496727154
21,-7.941944122314453,-1.7749940156936646,-2.1530631364098554
22,-7.099546432495117,-1.9855914115905762,-2.1530621708145645
23,-6.257946014404297,-1.9836881160736084,-2.153953415268006
24,-5.417762756347656,-1.9797821044921875,-2.155543750712013
25,-4.579469680786133,-1.9741734266281128,-2.1587987724374216
26,-3.7433300018310547,-1.9672248363494873,-2.1666616148906996
27,-2.9095611572265625,-1.9592925310134888,-2.1838839724980517
28,-2.0779542922973633,-1.9511866569519043,-2.206682642909982
29,-1.2474498748779297,-1.944478154182434,-2.216154167117793
30,-0.41753101348876953,-1.9396886825561523,-2.2263769244618743
31,0.4126110076904297,-1.9397361278533936,-2.2148061960917858
32,1.2425670623779297,-1.9443914890289307,-2.206222053956253
33,2.073101043701172,-1.9509851932525635,-2.1995922766893727
34,2.904867172241211,-1.9588799476623535,-2.179056961639162
35,3.7388267517089844,-1.9666097164154053,-2.1644600576275934
36,4.575107574462891,-1.9734039306640625,-2.1578640761958923
37,5.413534164428711,-1.978868007659912,-2.1550416411607785
38,6.253849029541016,-1.9826326370239258,-2.1536521495372654
39,7.095531463623047,-1.984433889389038,-2.1529627144996084
40,7.937946319580078,-1.7738220691680908,-2.15296464569019
41,7.9307098388671875,-1.563401460647583,-2.153658908704301
42,7.915609359741211,-1.35332190990448,-2.1550484003278143
43,7.893733978271484,-1.1437126398086548,-2.1578689041723464
44,7.866544723510742,-0.9346407055854797,-2.1644996470345177
45,7.8355560302734375,-0.7261494398117065,-2.1789970947311303
46,7.803869247436523,-0.518208384513855,-2.199666627526767
47,7.777484893798828,-0.3105788230895996,-2.205944928107783
48,7.758829116821289,-0.10309100151062012,-2.214463409763539
49,7.758275985717773,0.10444176197052002,-2.2255909298951337
50,7.777400970458984,0.31192517280578613,-2.216372391653522
51,7.804271697998047,0.5195446014404297,-2.2066276039784043
52,7.836711883544922,0.7274481058120728,-2.183922596309685
53,7.868415832519531,0.9358985424041748,-2.16673113775164
54,7.896205902099609,1.144932508468628,-2.1587997380327124
55,7.918617248535156,1.3545043468475342,-2.1555418195214315
56,7.9342041015625,1.5645544528961182,-2.153953415268006
57,7.941791534423828,1.7749569416046143,-2.1530631364098554
58,7.099391937255859,1.9855537414550781,-2.1530631364098554
59,6.257791519165039,1.9836499691009521,-2.153953415268006
60,5.417610168457031,1.9797437191009521,-2.15553988833085
61,4.579317092895508,1.9741346836090088,-2.1587978068421307
62,3.7431774139404297,1.9671859741210938,-2.166658718104827
63,2.9094085693359375,1.9592535495758057,-2.1838907316650875
64,2.0777969360351562,1.9511516094207764,-2.206493386232978
65,1.2472972869873047,1.944432258605957,-2.216406187488701
66,0.4173774719238281,1.9396476745605469,-2.2263238167208783
67,-0.4127664566040039,1.9396955966949463,-2.2149201363361044
68,-1.2427167892456055,1.9443550109863281,-2.2060424532321576
69,-2.0732555389404297,1.9509432315826416,-2.1997351847924165
70,-2.9050159454345703,1.9588418006896973,-2.178986473182931
71,-3.7389774322509766,1.9665701389312744,-2.1644697135805018
72,-4.575255393981934,1.9733643531799316,-2.1578631106006014
73,-5.413683891296387,1.9788284301757812,-2.1550406755654876
74,-6.253997802734375,1.9825925827026367,-2.1536521495372654
75,-7.095681190490723,1.9843931198120117,-2.1529627144996084
76,-7.100518226623535,-1.7752336263656616,-2.153601938582142
77,-7.09348201751709,-1.565239667892456,-2.1525156438799513
78,-7.078398704528809,-1.3557014465332031,-2.146886223334377
79,-7.056528091430664,-1.1466126441955566,-2.135754840821619
80,-7.029627799987793,-0.9379123449325562,-2.1231296823939374
81,-6.99916934967041,-0.7295253276824951,-2.1163483066663957
82,-6.967894554138184,-0.521355390548706,-2.1193059250422266
83,-6.93998908996582,-0.3132317066192627,-2.1324602296892863
84,-6.919236183166504,-0.10502362251281738,-2.150998693678048
85,-6.918876647949219,0.10347950458526611,-2.154414004221735
86,-6.938640594482422,0.31170570850372314,-2.137897496771984
87,-6.966314315795898,0.519839882850647,-2.126576857582222
88,-6.997210502624512,0.7280583381652832,-2.12405665387314
89,-7.027314186096191,0.9364956617355347,-2.129864709547519
90,-7.053932189941406,1.1452572345733643,-2.140277689163895
91,-7.0753583908081055,1.3544175624847412,-2.1489921866636905
92,-7.089922904968262,1.56400728225708,-2.153052514861656
93,-7.096617698669434,1.7740256786346436,-2.153577798699871
94,-6.260563850402832,-1.7734700441360474,-2.152512747094079
95,-6.25435733795166,-1.5636861324310303,-2.145879107446035
96,-6.239799499511719,-1.3544174432754517,-2.1265585112716963
97,-6.2189178466796875,-1.1457353830337524,-2.0901565344024675
98,-6.194622993469238,-0.9375931620597839,-2.0406437046742667
99,-6.168696403503418,-0.7297418117523193,-1.9908576114787593
100,-6.142407417297363,-0.5218238830566406,-1.9568194118814972
101,-6.116804122924805,-0.3136447072029114,-1.9528102602339459
102,-6.092576026916504,-0.10529559850692749,-1.9829464892609394
103,-6.090081214904785,0.10354936122894287,-1.9977065788766595
104,-6.111545562744141,0.3119645118713379,-1.9782874919826554
105,-6.137560844421387,0.5201472043991089,-1.9836339931080147
106,-6.164626121520996,0.7281321287155151,-2.0151693697114297
107,-6.1912841796875,0.9361141920089722,-2.0595799939228527
108,-6.215985298156738,1.1443991661071777,-2.1024794615041174
109,-6.236610412597656,1.3531992435455322,-2.132980685551047
110,-6.250649452209473,1.562542200088501,-2.148359721748193
111,-6.256546974182129,1.7723641395568848,-2.1530380309322936
112,-5.422402381896973,-1.7696938514709473,-2.1468765673814687
113,-5.417255401611328,-1.5600457191467285,-2.126537268175298
114,-5.403789520263672,-1.3510457277297974,-2.082738831378265
115,-5.385363578796387,-1.1429709196090698,-2.009082256997999
116,-5.366759300231934,-0.9358741641044617,-1.9093391602405063
117,-5.3507585525512695,-0.7292666435241699,-1.800993575036955
118,-5.336408615112305,-0.5221486687660217,-1.7131031604744749
119,-5.318873405456543,-0.31397777795791626,-1.6769580319526085
120,-5.292813301086426,-0.10546815395355225,-1.7091702908548996
121,-5.28719425201416,0.1034708023071289,-1.7327491622618254
122,-5.308313369750977,0.3120795488357544,-1.7197078322637935
123,-5.326913833618164,0.520203709602356,-1.7574529521825752
124,-5.343610763549805,0.727429986000061,-1.840091493958198
125,-5.361701965332031,0.934293270111084,-1.940039296917348
126,-5.381585121154785,1.1416621208190918,-2.0305831673390458
127,-5.400178909301758,1.3499300479888916,-2.0960283193660416
128,-5.413274765014648,1.559037685394287,-2.1329053691183617
129,-5.418188095092773,1.768730640411377,-2.148936182136822
130,-4.586036682128906,-1.7642191648483276,-2.135720079391149
131,-4.582557678222656,-1.554821491241455,-2.0901198417814157
132,-4.571516990661621,-1.346433401107788,-2.00903687401933
133,-4.557246208190918,-1.1393994092941284,-1.8922490891879988
134,-4.545416831970215,-0.9337307214736938,-1.7460608589412914
135,-4.538817405700684,-0.7287030220031738,-1.5884264621170132
136,-4.534965515136719,-0.5226943492889404,-1.453805097859231
137,-4.526296615600586,-0.3146281838417053,-1.3828695710085412
138,-4.507389068603516,-0.10559725761413574,-1.3933655918199293
139,-4.499988555908203,0.10366988182067871,-1.4201009942325982
140,-4.514455795288086,0.3126593828201294,-1.4302986460991178
141,-4.5248823165893555,0.5206501483917236,-1.5012969366437119
142,-4.531024932861328,0.7267950773239136,-1.630688636806326
143,-4.539470672607422,0.9320807456970215,-1.781821680537405
144,-4.552325248718262,1.137969732284546,-1.9223553847609764
145,-4.56712532043457,1.345292329788208,-2.0304306032830937
146,-4.578108787536621,1.5538909435272217,-2.102299860780022
147,-4.581564903259277,1.7633764743804932,-2.1401763016583573
148,-3.751253128051758,-1.7574914693832397,-2.1230302260789813
149,-3.7499656677246094,-1.5487332344055176,-2.0405848033615257
150,-3.743101119995117,-1.3417693376541138,-1.909323710715853
151,-3.7345848083496094,-1.1364331245422363,-1.7459836113180245
152,-3.727728843688965,-0.9320146441459656,-1.567453732400054
153,-3.7246389389038086,-0.7278255224227905,-1.385414880195185
154,-3.7241640090942383,-0.5225570201873779,-1.224569879028877
155,-3.721705436706543,-0.3149288296699524,-1.1211488298085897
156,-3.713982582092285,-0.10556471347808838,-1.0946722069338648
157,-3.707193374633789,0.1041337251663208,-1.1185677935961849
158,-3.712252616882324,0.31322789192199707,-1.1621393154998714
159,-3.7171096801757812,0.5208595991134644,-1.2630189179146782
160,-3.7190542221069336,0.7262855768203735,-1.419766898261969
161,-3.721769332885742,0.9303288459777832,-1.6038605372457369
162,-3.728788375854492,1.1347615718841553,-1.7816469077897636
163,-3.7376441955566406,1.3403315544128418,-1.939774723807659
164,-3.7449474334716797,1.5477275848388672,-2.059296108907347
165,-3.746523857116699,1.7567381858825684,-2.129670624894061
166,-2.917715072631836,-1.7498797178268433,-2.116135875702412
167,-2.9185657501220703,-1.5422520637512207,-1.9907214625427514
168,-2.916670799255371,-1.3377496004104614,-1.8011210336153454
169,-2.914430618286133,-1.1347688436508179,-1.5885432991472044
170,-2.9110193252563477,-0.9312387108802795,-1.3852439698287071
171,-2.907440185546875,-0.7269272804260254,-1.1951742615899548
172,-2.9062623977661133,-0.5217664241790771,-1.0211440567272803
173,-2.9083499908447266,-0.31485819816589355,-0.8846813022498736
174,-2.910576820373535,-0.10555654764175415,-0.8189078478239935
175,-2.90408992767334,0.10449957847595215,-0.8414197364345455
176,-2.901124954223633,0.3134605884552002,-0.9194292143859002
177,-2.9021835327148438,0.5205810070037842,-1.0497758882911512
178,-2.9033851623535156,0.725721001625061,-1.2238205770831883
179,-2.905606269836426,0.9296424388885498,-1.4198402835040724
180,-2.907628059387207,1.132646083831787,-1.6306905679969077
181,-2.910207748413086,1.3358161449432373,-1.8398230584673456
182,-2.913039207458496,1.5410773754119873,-2.01473098944939
183,-2.9127702713012695,1.7492282390594482,-2.123762147309435
184,-2.085038185119629,-1.7420618534088135,-2.1189457579987447
185,-2.0869083404541016,-1.5357024669647217,-1.9563385454266609
186,-2.0882034301757812,-1.3341832160949707,-1.7129332157032877
187,-2.0904016494750977,-1.133797526359558,-1.4538746207201712
188,-2.089935302734375,-0.9311223030090332,-1.2243014435380246
189,-2.0867748260498047,-0.7266117930412292,-1.0213381413807383
190,-2.0857372283935547,-0.5214847922325134,-0.8281563195196213
191,-2.0931005477905273,-0.31517326831817627,-0.6513065764077055
192,-2.1090478897094727,-0.10485053062438965,-0.534209801083307
193,-2.096663475036621,0.10554277896881104,-0.5670970110938924
194,-2.0855045318603516,0.3140139579772949,-0.689046868350033
195,-2.0828113555908203,0.5205790996551514,-0.8541916653464341
196,-2.082756996154785,0.7254041433334351,-1.0502161997437724
197,-2.083789825439453,0.9291369915008545,-1.2636533140207575
198,-2.0830039978027344,1.1311078071594238,-1.5015412322522934
199,-2.0812883377075195,1.331667184829712,-1.7570705764474042
200,-2.081094741821289,1.5343444347381592,-1.9829976658113537
201,-2.0798959732055664,1.7415194511413574,-2.126194481847051
202,-1.2525320053100586,-1.735107421875,-2.1318354895361153
203,-1.2542085647583008,-1.5293372869491577,-1.9515646423087674
204,-1.2555961608886719,-1.3298693895339966,-1.6755926802113663
205,-1.258218765258789,-1.1316919326782227,-1.3819831545315537
206,-1.2594671249389648,-0.9305342435836792,-1.1204091838158092
207,-1.2591419219970703,-0.7271307110786438,-0.8850424348886463
208,-1.2595195770263672,-0.5226942300796509,-0.6600181771216285
209,-1.2720470428466797,-0.3190886974334717,-0.4188366133530508
210,-1.3006649017333984,-0.1062995195388794,-0.25443918711175684
211,-1.2886838912963867,0.1098853349685669,-0.28010857232334274
212,-1.2721805572509766,0.31803786754608154,-0.44057699132622474
213,-1.2565326690673828,0.5212960243225098,-0.68974789053118
214,-1.2541122436523438,0.7251461744308472,-0.9206236557606644
215,-1.253249168395996,0.927936315536499,-1.1629098605419586
216,-1.2510461807250977,1.1285388469696045,-1.4303073364567354
217,-1.2488107681274414,1.327059268951416,-1.7190579866330609
218,-1.2483739852905273,1.5278699398040771,-1.9774918414630065
219,-1.247354507446289,1.734631061553955,-2.137527673775594
220,-0.4197044372558594,-1.7299208641052246,-2.1501393138692038
221,-0.42078113555908203,-1.5233265161514282,-1.9808665970044785
222,-0.42148780822753906,-1.3234443664550781,-1.7063797204643834
223,-0.4220867156982422,-1.1270310878753662,-1.391176587295604
224,-0.4219980239868164,-0.9285579323768616,-1.0938379326025824
225,-0.4219999313354492,-0.7276107668876648,-0.8191762833148459
226,-0.41861629486083984,-0.5272793173789978,-0.535040213033426
227,-0.4292573928833008,-0.3250804543495178,-0.2517500042267784
228,-0.44731903076171875,-0.11170274019241333,-0.08126643086734475
229,-0.42607688903808594,0.10628938674926758,-0.0860924761309434
230,-0.43986034393310547,0.3219304084777832,-0.27539357051819024
231,-0.4226360321044922,0.5239460468292236,-0.5690899997741781
232,-0.41827392578125,0.7258490324020386,-0.8423756757724732
233,-0.41689491271972656,0.9267109632492065,-1.1186363508618342
234,-0.4151115417480469,1.1250197887420654,-1.4189722133376108
235,-0.4143514633178711,1.321850299835205,-1.7311935882482885
236,-0.41471290588378906,1.5225346088409424,-1.9965749011957996
237,-0.4144754409790039,1.7296903133392334,-2.154044181225345
238,0.4143257141113281,-1.7297286987304688,-2.1540808738463966
239,0.4145641326904297,-1.5225718021392822,-1.996637664889704
240,0.4142036437988281,-1.3218847513198853,-1.7312930445632446
241,0.4149665832519531,-1.1250544786453247,-1.4190736008431486
242,0.41675376892089844,-0.9267467260360718,-1.1187232544380095
243,0.4181404113769531,-0.7258874177932739,-0.8424423018475409
244,0.42250633239746094,-0.5239850282669067,-0.5691440731104649
245,0.4397296905517578,-0.32197070121765137,-0.2754428158780229
246,0.4259510040283203,-0.10633647441864014,-0.08609826970268841
247,0.44721221923828125,0.11166119575500488,-0.08125870610501806
248,0.42913246154785156,0.3250396251678467,-0.25171427720101747
249,0.41847801208496094,0.5272406339645386,-0.5349977268406292
250,0.4218616485595703,0.7275720834732056,-0.8191202787879774
251,0.4218578338623047,0.928520917892456,-1.0937732377180964
252,0.42194366455078125,1.1269943714141846,-1.3911080300299545
253,0.4213428497314453,1.3234062194824219,-1.7063256471280965
254,0.42063331604003906,1.5232868194580078,-1.9808299043834268
255,0.4195556640625,1.7298789024353027,-2.1501537977985663
256,1.2472057342529297,-1.7346696853637695,-2.137562435206064
257,1.2482261657714844,-1.527906894683838,-1.9775613643239467
258,1.2486648559570312,-1.327094316482544,-1.7191535805668536
259,1.2509021759033203,-1.1285746097564697,-1.4303952056282014
260,1.2531089782714844,-0.9279733896255493,-1.1629803489981896
261,1.253976821899414,-0.7251849174499512,-0.9206690387393337
262,1.2564010620117188,-0.5213366150856018,-0.6897652712464151
263,1.272054672241211,-0.31808024644851685,-0.4405644385874439
264,1.288564682006836,-0.10993283987045288,-0.2800322902953667
265,1.3005123138427734,0.10625016689300537,-0.25467382676743
266,1.2719383239746094,0.31905055046081543,-0.41879316156496316
267,1.2594013214111328,0.5226579904556274,-0.659956379023015
268,1.2590045928955078,0.7270907163619995,-0.8850173294110846
269,1.2593250274658203,0.9304951429367065,-1.1203850439335383
270,1.2580738067626953,1.1316521167755127,-1.3819609458398645
271,1.2554492950439453,1.3298311233520508,-1.6755559875903145
272,1.254058837890625,1.5292987823486328,-1.951531812068879
273,1.25238037109375,1.7350671291351318,-2.131837420726697
274,2.0797462463378906,-1.7415578365325928,-2.126231174468103
275,2.0809478759765625,-1.53438138961792,-1.9830623606958397
276,2.0811424255371094,-1.331704020500183,-1.7571400993083444
277,2.0828628540039062,-1.1311451196670532,-1.5016010991603252
278,2.0836544036865234,-0.9291757345199585,-1.2636929034276818
279,2.0826263427734375,-0.725443959236145,-1.0502345460542983
280,2.0826873779296875,-0.5206202268600464,-0.8541926309417249
281,2.085386276245117,-0.3140551447868347,-0.6890188660865988
282,2.0965404510498047,-0.10558408498764038,-0.5670805959739482
283,2.1089229583740234,0.1048128604888916,-0.5342117322738886
284,2.0931224822998047,0.3151366710662842,-0.6510960766343032
285,2.0856151580810547,0.5214477777481079,-0.8280925902304261
286,2.0866317749023438,0.7265710830688477,-1.0213304166184116
287,2.089792251586914,0.9310827255249023,-1.2242898563945346
288,2.0902557373046875,1.1337578296661377,-1.4538601367908086
289,2.088054656982422,1.3341436386108398,-1.7129187317739252
290,2.0867576599121094,1.5356636047363281,-1.9563124743538083
291,2.0848865509033203,1.7420237064361572,-2.118904237401239
292,2.9126224517822266,-1.7492672204971313,-2.1237814592152517
293,2.912893295288086,-1.5411155223846436,-2.01476575087986
294,2.910064697265625,-1.335854172706604,-1.839867475850724
295,2.907489776611328,-1.1326844692230225,-1.6307224326415053
296,2.9054737091064453,-0.9296818971633911,-1.419854767433435
297,2.9032535552978516,-0.7257598638534546,-1.2238389233937141
298,2.9020614624023438,-0.5206217765808105,-1.0497604387664978
299,2.9010066986083984,-0.31350117921829224,-0.919401212122466
300,2.9039745330810547,-0.1045408844947815,-0.8413965621475654
301,2.9104652404785156,0.10551655292510986,-0.8188914327040493
302,2.908252716064453,0.31481802463531494,-0.8846359192712043
303,2.9061355590820312,0.5217264890670776,-1.0211228136308819
304,2.907299041748047,0.7268859148025513,-1.1951858487334448
305,2.910877227783203,0.9311988353729248,-1.385244935423998
306,2.914285659790039,1.1347296237945557,-1.5885307464084235
307,2.916524887084961,1.3377108573913574,-1.8011075152812737
308,2.918416976928711,1.5422134399414062,-1.9907031162322255
309,2.9175643920898438,1.7498414516448975,-2.1161127014154317
310,3.7463760375976562,-1.7567771673202515,-2.129688971204587
311,3.7448043823242188,-1.5477665662765503,-2.0593173520037453
312,3.737506866455078,-1.340370774269104,-1.9397901733323124
313,3.7286529541015625,-1.1347999572753906,-1.7816691164814529
314,3.7216358184814453,-0.9303668737411499,-1.6038924018903344
315,3.7189292907714844,-0.7263253927230835,-1.4197591734996422
316,3.716989517211914,-0.5208996534347534,-1.2630063651758974
317,3.712139129638672,-0.3132683038711548,-1.1620987604976563
318,3.707090377807617,-0.10417449474334717,-1.1185011675211172
319,3.713865280151367,0.10552442073822021,-1.0946499982421756
320,3.721578598022461,0.31488800048828125,-1.1211633137379522
321,3.724027633666992,0.5225169658660889,-1.224581466172367
322,3.724489212036133,0.7277841567993164,-1.3854477104350735
323,3.7275848388671875,0.9319750070571899,-1.5674604915670898
324,3.73443603515625,1.1363933086395264,-1.7459942328662237
325,3.7429542541503906,1.341731071472168,-1.9093034332147454
326,3.749814987182617,1.5486946105957031,-2.0405741818133265
327,3.7511024475097656,1.7574527263641357,-2.1230282948883996
328,4.581418991088867,-1.7634155750274658,-2.1401763016583573
329,4.577968597412109,-1.5539299249649048,-2.10230951673293
330,4.566987991333008,-1.3453311920166016,-2.0304479839983287
331,4.552192687988281,-1.1380082368850708,-1.922369868690339
332,4.539342880249023,-0.9321199059486389,-1.7818187837515325
333,4.530900955200195,-0.7268342971801758,-1.630682843234581
334,4.524763107299805,-0.5206897258758545,-1.501278590333186
335,4.514350891113281,-0.31269967555999756,-1.4302397447863768
336,4.499898910522461,-0.1037101149559021,-1.4200102282752596
337,4.507274627685547,0.10555779933929443,-1.3933385551517858
338,4.526176452636719,0.31458890438079834,-1.3828637774367962
339,4.534833908081055,0.5226553678512573,-1.453805097859231
340,4.538679122924805,0.7286643981933594,-1.5884235653311407
341,4.545269012451172,0.9336905479431152,-1.7460946547764706
342,4.557100296020508,1.1393604278564453,-1.8922519859738713
343,4.571367263793945,1.3463940620422363,-2.009053289139274
344,4.582406997680664,1.5547831058502197,-2.090106323447344
345,4.585884094238281,1.7641806602478027,-2.135712354628822
346,5.418041229248047,-1.7687700986862183,-2.148941010113276
347,5.4131317138671875,-1.5590767860412598,-2.1329140594759792
348,5.400041580200195,-1.3499692678451538,-2.0960350785330775
349,5.381452560424805,-1.1417009830474854,-2.0305889609107908
350,5.361574172973633,-0.9343323707580566,-1.940033503345603
351,5.343484878540039,-0.7274691462516785,-1.8400837691958714
352,5.326799392700195,-0.5202434062957764,-1.7574123971803601
353,5.308210372924805,-0.31211912631988525,-1.719640240593435
354,5.287099838256836,-0.10351026058197021,-1.7326641898762318
355,5.292688369750977,0.10542929172515869,-1.709161600497282
356,5.318744659423828,0.3139389753341675,-1.676960928738481
357,5.336277008056641,0.5221102237701416,-1.7130915733309848
358,5.350620269775391,0.7292284965515137,-1.80097619432172
359,5.366613388061523,0.9358354806900024,-1.9093430226216697
360,5.385211944580078,1.1429319381713867,-2.00910639688027
361,5.40363883972168,1.3510072231292725,-2.082743659354719
362,5.417102813720703,1.5600073337554932,-2.1265449929376246
363,5.422250747680664,1.769655466079712,-2.146875601786178
364,6.256402969360352,-1.7724041938781738,-2.1530389965275845
365,6.250509262084961,-1.562582015991211,-2.148359721748193
366,6.236473083496094,-1.353238821029663,-2.1329787543604652
367,6.215852737426758,-1.1444387435913086,-2.102480427099408
368,6.191158294677734,-0.9361536502838135,-2.0595693723746535
369,6.1645050048828125,-0.7281718254089355,-2.0151461954244496
370,6.137447357177734,-0.5201865434646606,-1.9836001972728354
371,6.111440658569336,-0.31200355291366577,-1.9782334186463686
372,6.089977264404297,-0.10358822345733643,-1.9976496087545002
373,6.092447280883789,0.10525715351104736,-1.9829513172373936
374,6.116676330566406,0.3136063814163208,-1.9528121914245276
375,6.142278671264648,0.5217856168746948,-1.956802996761553
376,6.168560028076172,0.7297039031982422,-1.990841196358815
377,6.194482803344727,0.9375553131103516,-2.040631151935486
378,6.218770980834961,1.1456975936889648,-2.090160396783631
379,6.239648818969727,1.354379415512085,-2.126571064010477
380,6.254205703735352,1.5636482238769531,-2.145885866613071
381,6.260410308837891,1.7734320163726807,-2.152516609475242
382,7.096471786499023,-1.7740663290023804,-2.153577798699871
383,7.089780807495117,-1.5640478134155273,-2.153052514861656
384,7.075222015380859,-1.3544578552246094,-2.148995083449563
385,7.053800582885742,-1.1452974081039429,-2.1402747923780225
386,7.027187347412109,-0.9365357756614685,-2.129852156808738
387,6.997089385986328,-0.7280982732772827,-2.1240257548238333
388,6.966196060180664,-0.5198794603347778,-2.1265681672246046
389,6.93852424621582,-0.3117451071739197,-2.137891703200239
390,6.918769836425781,-0.10351860523223877,-2.1543802083865558
391,6.919107437133789,0.10498487949371338,-2.150986140939267
392,6.939855575561523,0.31319355964660645,-2.1324891975480114
393,6.96776008605957,0.5213176012039185,-2.11930978742339
394,6.999034881591797,0.7294875383377075,-2.116312579640635
395,7.029485702514648,0.9378747940063477,-2.1231123016787024
396,7.056379318237305,1.1465752124786377,-2.1357509784404556
397,7.0782470703125,1.3556640148162842,-2.1468891201202496
398,7.093328475952148,1.565202236175537,-2.1525195062611147
399,7.100364685058594,1.7751960754394531,-2.1536048353680144
0,-7.915624618530273,-1.9790785312652588,-2.531272327900979
1,7.910858154296875,-1.9775460958480835,-2.530787599064979
2,-7.911026954650879,1.9774858951568604,-2.530787599064979
3,7.915494918823242,1.979051113128662,-2.531272327900979
4,-7.910955429077148,1.7669546604156494,-2.5325276017790657
5,-7.90009880065918,1.556666612625122,-2.533001709066866
6,-7.879972457885742,1.3468284606933594,-2.5301010608131946
7,-7.852228164672852,1.1375274658203125,-2.5241694089415887
8,-7.817079544067383,0.9288054704666138,-2.520782100661336
9,-7.771717071533203,0.7208602428436279,-2.5434793835677283
10,-7.708339691162109,0.514837384223938,-2.6354938556173693
11,-7.674938201904297,0.3077530860900879,-2.622897665048413
12,-7.642024040222168,0.10100948810577393,-2.6463239723993865
13,-7.6187334060668945,-0.10474985837936401,-2.743743846887128
14,-7.669424057006836,-0.31009775400161743,-2.640300588975151
15,-7.704288482666016,-0.5171665549278259,-2.6399278691928885
16,-7.770679473876953,-0.722981333732605,-2.5454878217726673
17,-7.818519592285156,-0.9307428598403931,-2.5164089195891393
18,-7.854254722595215,-1.139356017112732,-2.520633398986547
19,-7.882269859313965,-1.3485546112060547,-2.528549349180821
20,-7.9029388427734375,-1.558302879333496,-2.5328462482250416
21,-7.914504051208496,-1.7685401439666748,-2.532914805490691
22,-7.0734663009643555,-1.9787778854370117,-2.5329099775142367
23,-6.232527732849121,-1.9758647680282593,-2.5328336954862607
24,-5.393546104431152,-1.9706671237945557,-2.5285281060844227
25,-4.556774139404297,-1.9636366367340088,-2.5206179494618937
26,-3.722330093383789,-1.954707384109497,-2.516104757072526
27,-2.8912858963012695,-1.9427512884140015,-2.5452049023524523
28,-2.0679426193237305,-1.926192045211792,-2.639018278428921
29,-1.239664077758789,-1.9174950122833252,-2.63960632596104
30,-0.4184083938598633,-1.9047155380249023,-2.7443637590638446
31,0.4047737121582031,-1.9104297161102295,-2.6479133422481027
32,1.2317256927490234,-1.9186930656433105,-2.623443226387735
33,2.0600833892822266,-1.9271306991577148,-2.634182577212414
34,2.8843650817871094,-1.942854642868042,-2.543600082979083
35,3.7161388397216797,-1.9541778564453125,-2.520450901476579
36,4.551021575927734,-1.9629287719726562,-2.5240998860806485
37,5.388225555419922,-1.969839334487915,-2.530046987476908
38,6.227588653564453,-1.9748504161834717,-2.5329650164458144
39,7.068733215332031,-1.977545976638794,-2.5325160146355756
40,7.910797119140625,-1.7670154571533203,-2.532525670588484
41,7.899946212768555,-1.5567289590835571,-2.533001709066866
42,7.879823684692383,-1.3468936681747437,-2.5301068543849397
43,7.852081298828125,-1.1375975608825684,-2.5241694089415887
44,7.816944122314453,-0.928882360458374,-2.5206951970851605
45,7.771612167358398,-0.7209457755088806,-2.5432196384344934
46,7.708065032958984,-0.5149563550949097,-2.635884921710158
47,7.674886703491211,-0.3078966736793518,-2.6223057551351303
48,7.641714096069336,-0.10121071338653564,-2.6483565504865965
49,7.619623184204102,0.10464823246002197,-2.740044651327935
50,7.668342590332031,0.31016838550567627,-2.6442798071686866
51,7.704504013061523,0.5171760320663452,-2.638586657333917
52,7.770526885986328,0.7229996919631958,-2.545347810455496
53,7.818355560302734,0.9307445287704468,-2.5163422935140716
54,7.854085922241211,1.139345407485962,-2.5206121558901486
55,7.882106781005859,1.3485360145568848,-2.5285425900137852
56,7.902778625488281,1.558279037475586,-2.5328462482250416
57,7.914348602294922,1.7685134410858154,-2.5329157710859818
58,7.073337554931641,1.9787399768829346,-2.5329099775142367
59,6.232404708862305,1.975822925567627,-2.5328288675098065
60,5.393438339233398,1.9706223011016846,-2.5285116909644785
61,4.5566864013671875,1.9635884761810303,-2.520605396723113
62,3.7222728729248047,1.9546566009521484,-2.516086410762
63,2.8912887573242188,1.942685604095459,-2.545460785104524
64,2.067768096923828,1.9262771606445312,-2.6372232367832567
65,1.2396469116210938,1.917299747467041,-2.6421468071712297
66,0.41803550720214844,1.9047484397888184,-2.7430505494683075
67,-0.40535640716552734,1.9103426933288574,-2.649543267099034
68,-1.2321176528930664,1.9187390804290771,-2.6212725681739357
69,-2.060455322265625,1.9269750118255615,-2.6356560756262297
70,-2.884502410888672,1.9428341388702393,-2.543003345089346
71,-3.7163000106811523,1.9541287422180176,-2.520522355528101
72,-4.55118465423584,1.9628815650939941,-2.524097954890067
73,-5.38839054107666,1.9697904586791992,-2.530046021881617
74,-6.227754592895508,1.9747989177703857,-2.5329630852552327
75,-7.068902015686035,1.9774901866912842,-2.5325169802308665
76,-7.073468208312988,-1.7685186862945557,-2.527237105180575
77,-7.062775611877441,-1.558868408203125,-2.5125156393764883
78,-7.043393135070801,-1.3499090671539307,-2.480311105236524
79,-7.018811225891113,-1.1416702270507812,-2.4303174090534867
80,-6.989870071411133,-0.933952271938324,-2.3769827531641567
81,-6.952540397644043,-0.7263909578323364,-2.3509223018597822
82,-6.906404495239258,-0.5190770030021667,-2.365767363861096
83,-6.855277061462402,-0.3122072219848633,-2.4237108060735864
84,-6.81118106842041,-0.10529977083206177,-2.495319352841989
85,-6.812874794006348,0.102813720703125,-2.4971781237768482
86,-6.854130744934082,0.3098493814468384,-2.434898193113213
87,-6.902372360229492,0.5169156789779663,-2.3886934928514165
88,-6.947998046875,0.7243220806121826,-2.375763206311831
89,-6.985664367675781,0.931991696357727,-2.3997138319057285
90,-7.015575408935547,1.139892578125,-2.447112973542289
91,-7.04061222076416,1.3483235836029053,-2.490247080779227
92,-7.059652328491211,1.557424545288086,-2.5172277443957682
93,-7.069716453552246,1.7671809196472168,-2.5287231563331716
94,-6.2348785400390625,-1.7658202648162842,-2.512487637113054
95,-6.225193023681641,-1.5564231872558594,-2.4774259065075057
96,-6.207659721374512,-1.3480064868927002,-2.4128439966705173
97,-6.188020706176758,-1.1407850980758667,-2.3161946672248632
98,-6.169303894042969,-0.9344242811203003,-2.2025634133992753
99,-6.1488237380981445,-0.7278305292129517,-2.1051068462904823
100,-6.120261192321777,-0.5202362537384033,-2.061580707365465
101,-6.076306343078613,-0.3124276399612427,-2.0974535380153156
102,-6.0184783935546875,-0.10577660799026489,-2.2026387298319605
103,-6.011895179748535,0.10304677486419678,-2.228788015903092
104,-6.062380790710449,0.3102766275405884,-2.1441912468776536
105,-6.107944488525391,0.5180178880691528,-2.1094520250992446
106,-6.138758659362793,0.7256143093109131,-2.1503353297132435
107,-6.162145614624023,0.932405948638916,-2.240174315572631
108,-6.183435440063477,1.1390914916992188,-2.3436108143175716
109,-6.204245567321777,1.346606969833374,-2.4307200622897653
110,-6.221686363220215,1.5552005767822266,-2.487955723154073
111,-6.230687141418457,1.7646889686584473,-2.517170774273609
112,-5.399045944213867,-1.7609479427337646,-2.4802676534484362
113,-5.391539573669434,-1.5520188808441162,-2.4127715770237046
114,-5.377084732055664,-1.3443701267242432,-2.3115704313770493
115,-5.363248825073242,-1.1383655071258545,-2.1724696705650786
116,-5.355034828186035,-0.93382328748703,-2.005136834639643
117,-5.350377082824707,-0.7290464639663696,-1.8444318447905061
118,-5.339319229125977,-0.5219260454177856,-1.7433137403388628
119,-5.3076372146606445,-0.31317228078842163,-1.7446221219579456
120,-5.249605178833008,-0.10600167512893677,-1.8493129289856824
121,-5.238188743591309,0.10310578346252441,-1.8849578791468957
122,-5.288804054260254,0.3109276294708252,-1.804539240944905
123,-5.324080467224121,0.5195297002792358,-1.8005803002524772
124,-5.339075088500977,0.7267240285873413,-1.8947374282524834
125,-5.347082138061523,0.9318310022354126,-2.046354235224271
126,-5.357987403869629,1.1367733478546143,-2.2039654577615693
127,-5.372784614562988,1.3429853916168213,-2.337282302781432
128,-5.387333869934082,1.550863265991211,-2.4305771541867216
129,-5.394269943237305,1.759953498840332,-2.4901080350573466
130,-4.566089630126953,-1.7547845840454102,-2.4302894067900525
131,-4.562629699707031,-1.547084093093872,-2.3161348003168314
132,-4.55307674407959,-1.3408905267715454,-2.1723537991301782
133,-4.543806076049805,-1.1360236406326294,-2.004423259719715
134,-4.540378570556641,-0.9325675964355469,-1.8114857334671797
135,-4.542392730712891,-0.7293009757995605,-1.6154727862133313
136,-4.540803909301758,-0.5233724117279053,-1.4712022282142243
137,-4.522324562072754,-0.31454163789749146,-1.4285576777897404
138,-4.482282638549805,-0.1059342622756958,-1.4907864319029613
139,-4.469593048095703,0.10342741012573242,-1.5276432041541739
140,-4.505324363708496,0.3123009204864502,-1.485970042592271
141,-4.528862953186035,0.5211056470870972,-1.5212113739219149
142,-4.5342559814453125,0.7273515462875366,-1.6562324946301032
143,-4.5347394943237305,0.9310466051101685,-1.843631366294403
144,-4.538276672363281,1.1343796253204346,-2.0378705149989855
145,-4.547957420349121,1.3393161296844482,-2.203759785964621
146,-4.557280540466309,1.5456805229187012,-2.3433742434713167
147,-4.5605573654174805,1.7537217140197754,-2.4469410975805204
148,-3.7352075576782227,-1.7475260496139526,-2.3769383357807783
149,-3.7371721267700195,-1.5423707962036133,-2.2027092182881916
150,-3.734866142272949,-1.3387999534606934,-2.0053560247706628
151,-3.729977607727051,-1.135130524635315,-1.8116537470477851
152,-3.7254228591918945,-0.9313969612121582,-1.619161360224325
153,-3.725851058959961,-0.7281224131584167,-1.419130570965308
154,-3.7275753021240234,-0.5233480930328369,-1.2462185254494216
155,-3.7203283309936523,-0.31529855728149414,-1.1557644553897717
156,-3.699856758117676,-0.10581064224243164,-1.1632642340136954
157,-3.6890316009521484,0.10387539863586426,-1.1949589338400983
158,-3.706606864929199,0.3132591247558594,-1.205963823369757
159,-3.7192649841308594,0.5214909315109253,-1.2862965235908632
160,-3.72176456451416,0.7269287109375,-1.4452924097752202
161,-3.7212305068969727,0.930129885673523,-1.6461333334832489
162,-3.724980354309082,1.1335182189941406,-1.8435618434334629
163,-3.7281618118286133,1.3366079330444336,-2.046350372843108
164,-3.730523109436035,1.5403852462768555,-2.240043960208368
165,-3.7289552688598633,1.7462735176086426,-2.3994144973655693
166,-2.904952049255371,-1.7382042407989502,-2.3506326232725314
167,-2.9107789993286133,-1.5372403860092163,-2.105308655706267
168,-2.915665626525879,-1.337581992149353,-1.8451859747126491
169,-2.9167070388793945,-1.135562777519226,-1.6165619777013944
170,-2.912043571472168,-0.9314467310905457,-1.4201483084018491
171,-2.908013343811035,-0.727047324180603,-1.2289652687927628
172,-2.908895492553711,-0.5225415229797363,-1.0414090050960567
173,-2.909977912902832,-0.31554579734802246,-0.905665619110323
174,-2.905149459838867,-0.10584133863449097,-0.8616055059894734
175,-2.895216941833496,0.10422098636627197,-0.8909238758051288
176,-2.8981666564941406,0.313573956489563,-0.9525858254826289
177,-2.9029884338378906,0.5209920406341553,-1.0759560734115894
178,-2.9048385620117188,0.7260557413101196,-1.2525750392489954
179,-2.9083786010742188,0.9302706718444824,-1.4455801571718894
180,-2.9100799560546875,1.133375644683838,-1.656876546689091
181,-2.9076709747314453,1.3345980644226074,-1.8951709805380688
182,-2.9033403396606445,1.534576654434204,-2.150190490419618
183,-2.8982486724853516,1.7368988990783691,-2.3753412411697354
184,-2.075669288635254,-1.7267212867736816,-2.3649987500095904
185,-2.0804405212402344,-1.5301523208618164,-2.0610361116214335
186,-2.087254524230957,-1.3348453044891357,-1.7435821758297152
187,-2.09293270111084,-1.1351404190063477,-1.4725106098333072
188,-2.092763900756836,-0.9317862391471863,-1.2483225575881534
189,-2.0896167755126953,-0.7271671295166016,-1.0429848566107012
190,-2.088841438293457,-0.5222788453102112,-0.8423525014854931
191,-2.098393440246582,-0.31616079807281494,-0.6558525990369617
192,-2.111495018005371,-0.10465705394744873,-0.5550975584146727
193,-2.0953941345214844,0.10553908348083496,-0.5942833465073818
194,-2.0847816467285156,0.3142509460449219,-0.7121699787796842
195,-2.084141731262207,0.5209143161773682,-0.8765229876375997
196,-2.0845108032226562,0.7256217002868652,-1.0764185935558999
197,-2.0864763259887695,0.9296379089355469,-1.2874774466315557
198,-2.08502197265625,1.1320221424102783,-1.5224309207742408
199,-2.0789031982421875,1.3308777809143066,-1.801099790518947
200,-2.0729551315307617,1.5269083976745605,-2.109197107942464
201,-2.068598747253418,1.7255394458770752,-2.3880938581758073
202,-1.2481145858764648,-1.7140214443206787,-2.42180954894593
203,-1.249098777770996,-1.519334316253662,-2.0950916919339306
204,-1.2522010803222656,-1.327107548713684,-1.7426967249480185
205,-1.2577285766601562,-1.1306235790252686,-1.4281724052686968
206,-1.2606706619262695,-0.9300106763839722,-1.1569337912869742
207,-1.261617660522461,-0.7273918390274048,-0.9074268649208079
208,-1.2643394470214844,-0.5245997905731201,-0.6560997914314157
209,-1.2755460739135742,-0.3199644684791565,-0.42537659025788344
210,-1.3059110641479492,-0.10651832818984985,-0.25627092137847285
211,-1.2916326522827148,0.11047589778900146,-0.28211411374240924
212,-1.2774152755737305,0.31895995140075684,-0.44792903387065053
213,-1.2578668594360352,0.5213963985443115,-0.7106018520273665
214,-1.254836082458496,0.724554181098938,-0.9524293990455135
215,-1.2535285949707031,0.9264971017837524,-1.2072741361794215
216,-1.2498207092285156,1.1261825561523438,-1.4869935736005573
217,-1.244490623474121,1.32210111618042,-1.8048385754850642
218,-1.2419662475585938,1.5155525207519531,-2.143983643890124
219,-1.2403440475463867,1.7134878635406494,-2.4346056177400897
220,-0.42041492462158203,-1.7030296325683594,-2.4931293827223726
221,-0.4223041534423828,-1.5049957036972046,-2.198726137713493
222,-0.42327404022216797,-1.312809705734253,-1.8452072178090475
223,-0.42315673828125,-1.1208020448684692,-1.4883222327207477
224,-0.4227561950683594,-0.9249677658081055,-1.162871236730325
225,-0.42288780212402344,-0.7262638807296753,-0.8614645290770113
226,-0.4183330535888672,-0.5277152061462402,-0.5561230206135406
227,-0.43062877655029297,-0.3263711929321289,-0.25531208525467264
228,-0.45042991638183594,-0.11265426874160767,-0.08243673235983806
229,-0.4260406494140625,0.10640156269073486,-0.08462090890770924
230,-0.4424095153808594,0.3228801488876343,-0.2779659163729775
231,-0.42665958404541016,0.5244232416152954,-0.5840403116621928
232,-0.41750431060791016,0.7237800359725952,-0.8898501338417191
233,-0.4160776138305664,0.9221227169036865,-1.1953577246952136
234,-0.4143104553222656,1.1173744201660156,-1.527135301031194
235,-0.4131011962890625,1.3095998764038086,-1.8837866120591116
236,-0.41298580169677734,1.5030124187469482,-2.227803108706439
237,-0.4122161865234375,1.70318603515625,-2.497108600915908
238,0.41202735900878906,-1.7031934261322021,-2.4973606212868162
239,0.41284942626953125,-1.5030357837677002,-2.227951810381228
240,0.4129600524902344,-1.309630274772644,-1.8839188986139561
241,0.4141674041748047,-1.1174089908599854,-1.527253103656676
242,0.4159412384033203,-0.9221608638763428,-1.195456215414879
243,0.4173717498779297,-0.7238211631774902,-0.8899283470602768
244,0.4265270233154297,-0.5244651436805725,-0.584115628094878
245,0.44228172302246094,-0.3229231834411621,-0.2780267488763002
246,0.4259185791015625,-0.10645240545272827,-0.08461511533596422
247,0.45032310485839844,0.11260604858398438,-0.08243093878809304
248,0.4305133819580078,0.32632744312286377,-0.2552551151325133
249,0.41820335388183594,0.5276724100112915,-0.5560660504913812
250,0.4227561950683594,0.7262213230133057,-0.8614094901454337
251,0.4226207733154297,0.9249267578125,-1.1628084730364208
252,0.4230155944824219,1.120762586593628,-1.488249813073935
253,0.42313385009765625,1.3127689361572266,-1.8451473509010157
254,0.42217445373535156,1.5049488544464111,-2.1987058602123852
255,0.420257568359375,1.7029666900634766,-2.4932529789195996
256,1.2401313781738281,-1.7135463953018188,-2.434585340238982
257,1.2418098449707031,-1.5155965089797974,-2.14408310020508
258,1.2443428039550781,-1.3221392631530762,-1.8049776212069446
259,1.2496776580810547,-1.1262218952178955,-1.4871123418213301
260,1.2533912658691406,-0.9265387058258057,-1.2073600741603059
261,1.2547054290771484,-0.7245979309082031,-0.9524834723818003
262,1.257741928100586,-0.5214415788650513,-0.7106317854813824
263,1.2772979736328125,-0.3190076947212219,-0.44792710268006886
264,1.2915191650390625,-0.11052507162094116,-0.2820407285003057
265,1.305776596069336,0.10646593570709229,-0.2564003111474449
266,1.275421142578125,0.31992125511169434,-0.4253360352556683
267,1.2642135620117188,0.5245565176010132,-0.6560495804762922
268,1.261484146118164,0.7273474931716919,-0.9073930690856287
269,1.2605323791503906,0.9299662113189697,-1.1569086858094124
270,1.257589340209961,1.1305792331695557,-1.42815309336288
271,1.2520599365234375,1.32706618309021,-1.7426571355410942
272,1.2489585876464844,1.5192975997924805,-2.0950279626447355
273,1.2479724884033203,1.7139828205108643,-2.4217969962071493
274,2.0684165954589844,-1.7255849838256836,-2.388220351158907
275,2.072795867919922,-1.5269513130187988,-2.1093100825914917
276,2.0787525177001953,-1.3309201002120972,-1.8012040748103573
277,2.0848770141601562,-1.1320655345916748,-1.5225100995880894
278,2.0863418579101562,-0.9296830892562866,-1.2875199328243525
279,2.084383010864258,-0.7256678938865662,-1.0764379054617166
280,2.0840187072753906,-0.52096027135849,-0.8765374715669623
281,2.0846691131591797,-0.314297616481781,-0.712159357231485
282,2.0952892303466797,-0.10558634996414185,-0.594240860314585
283,2.1113853454589844,0.10461044311523438,-0.5550965928193818
284,2.0982799530029297,0.31611573696136475,-0.6558023880818382
285,2.088714599609375,0.5222338438034058,-0.8423158088644414
286,2.0894851684570312,0.7271225452423096,-1.0429462327990677
287,2.0926284790039062,0.9317409992218018,-1.2482945553247191
288,2.092794418334961,1.135094404220581,-1.4724961259039446
289,2.0871143341064453,1.3347983360290527,-1.7435744510673885
290,2.0803050994873047,1.5301084518432617,-2.0609965222145092
291,2.075542449951172,1.7266840934753418,-2.364878050598236
292,2.8980770111083984,-1.7369468212127686,-2.375354759503807
293,2.9031848907470703,-1.534619688987732,-2.1502716004240483
294,2.9075241088867188,-1.334641695022583,-1.8952424345895906
295,2.909942626953125,-1.1334213018417358,-1.6569103425242702
296,2.9082489013671875,-0.9303172826766968,-1.4455917443153794
297,2.9047069549560547,-0.7261008024215698,-1.2526107662747563
298,2.9028682708740234,-0.5210385322570801,-1.0759531766257169
299,2.8980560302734375,-0.313620388507843,-0.9525732727438481
300,2.8951187133789062,-0.104267418384552,-0.8908978047322762
301,2.9050369262695312,0.10579478740692139,-0.8616141963470909
302,2.909862518310547,0.31550025939941406,-0.9056385824421795
303,2.908773422241211,0.5224968194961548,-1.0413674844985508
304,2.9078807830810547,0.7270021438598633,-1.228934369743456
305,2.9119033813476562,0.9314002990722656,-1.4201405836395224
306,2.9165725708007812,1.1355175971984863,-1.6165301130567968
307,2.91552734375,1.3375346660614014,-1.8451782499503224
308,2.91064453125,1.5371923446655273,-2.105302862134522
309,2.904834747314453,1.7381618022918701,-2.3505254421952486
310,3.728790283203125,-1.7463176250457764,-2.3994975385605812
311,3.7303733825683594,-1.5404306650161743,-2.240083549615292
312,3.7280235290527344,-1.336654543876648,-2.0463687191536337
313,3.724843978881836,-1.1335638761520386,-1.843590811292188
314,3.721088409423828,-0.9301734566688538,-1.6461951315818624
315,3.721639633178711,-0.7269761562347412,-1.4452885473940569
316,3.7191429138183594,-0.5215374231338501,-1.286303282757899
317,3.7064990997314453,-0.3133055567741394,-1.205945477059231
318,3.6889476776123047,-0.10392147302627563,-1.1949183788378832
319,3.6997509002685547,0.10576462745666504,-1.1632709931807312
320,3.7202110290527344,0.31525301933288574,-1.15576252419919
321,3.7274513244628906,0.5233038663864136,-1.2461827984236606
322,3.725706100463867,0.7280751466751099,-1.4191556764428697
323,3.7252845764160156,0.9313517808914185,-1.619149773080835
324,3.729827880859375,1.135082483291626,-1.8116856116923827
325,3.7347373962402344,1.3387558460235596,-2.0053048482202485
326,3.7370357513427734,1.5423243045806885,-2.202693768763538
327,3.7350845336914062,1.7474753856658936,-2.3769798563782842
328,4.560400009155273,-1.7537691593170166,-2.4469401319852295
329,4.557134628295898,-1.545727252960205,-2.343397417758297
330,4.547815322875977,-1.3393622636795044,-2.2037993753715455
331,4.538137435913086,-1.1344252824783325,-2.037915897977655
332,4.534610748291016,-0.931094765663147,-1.8436323318896939
333,4.534126281738281,-0.7273989915847778,-1.656246012964175
334,4.528739929199219,-0.5211530923843384,-1.5212152363030782
335,4.505229949951172,-0.3123481869697571,-1.4859198316371476
336,4.469533920288086,-0.10347336530685425,-1.5275649909356162
337,4.482177734375,0.10588908195495605,-1.4908076749993597
338,4.52220344543457,0.31449711322784424,-1.4285856800531747
339,4.540672302246094,0.5233290195465088,-1.4711964346424793
340,4.542255401611328,0.7292582988739014,-1.6154554054980963
341,4.540216445922852,0.9325193166732788,-1.811565877876319
342,4.543664932250977,1.1359798908233643,-2.00441746614797
343,4.552927017211914,1.340843677520752,-2.172396285322975
344,4.562494277954102,1.5470397472381592,-2.3160990732910705
345,4.56596565246582,1.7547385692596436,-2.4302671980983632
346,5.394113540649414,-1.7600022554397583,-2.490123484582
347,5.387186050415039,-1.5509116649627686,-2.430599362878411
348,5.372642517089844,-1.343034029006958,-2.3373074082589937
349,5.357851028442383,-1.13682222366333,-2.203979941690932
350,5.346948623657227,-0.9318802356719971,-2.0463638911771795
351,5.338937759399414,-0.7267726063728333,-1.8947606025394634
352,5.323966979980469,-0.5195791721343994,-1.8005416764408437
353,5.288726806640625,-0.31097549200057983,-1.8044504061781481
354,5.238162994384766,-0.10315072536468506,-1.8848371797355412
355,5.24949836730957,0.10595870018005371,-1.849350587202025
356,5.307512283325195,0.313130259513855,-1.7446723329130691
357,5.339183807373047,0.5218851566314697,-1.743312774743572
358,5.3502349853515625,0.7290065288543701,-1.844409636098817
359,5.354883193969727,0.9337818622589111,-2.0051464905925513
360,5.363088607788086,1.1383209228515625,-2.1725391934260188
361,5.3769378662109375,1.344327688217163,-2.3115694657817585
362,5.391393661499023,1.5519752502441406,-2.412793785715394
363,5.39891242980957,1.76090407371521,-2.480256066304946
364,6.230531692504883,-1.7647405862808228,-2.5171775334406448
365,6.221538543701172,-1.555252194404602,-2.4879644135116905
366,6.204103469848633,-1.3466590642929077,-2.4307258558615104
367,6.183296203613281,-1.1391435861587524,-2.3436243326516433
368,6.162010192871094,-0.932458758354187,-2.2401772123585033
369,6.138631820678711,-0.7256679534912109,-2.150303465068646
370,6.107822418212891,-0.5180709362030029,-2.1094172636687745
371,6.062305450439453,-0.31032657623291016,-2.144099515325024
372,6.011919021606445,-0.1030893325805664,-2.2286093807742873
373,6.018369674682617,0.10573911666870117,-2.2026802504294665
374,6.076204299926758,0.3123903274536133,-2.0974834714693316
375,6.12013053894043,0.5202003717422485,-2.061556567483194
376,6.148670196533203,0.7277952432632446,-2.1050991215281556
377,6.169157028198242,0.9343892335891724,-2.202529617564096
378,6.187864303588867,1.1407475471496582,-2.3162101167495166
379,6.20750617980957,1.3479673862457275,-2.412880689291569
380,6.225044250488281,1.5563836097717285,-2.4774345968651232
381,6.234735488891602,1.765779733657837,-2.512493430684799
382,7.069557189941406,-1.7672368288040161,-2.5287231563331716
383,7.059501647949219,-1.557481050491333,-2.5172277443957682
384,7.04046630859375,-1.3483810424804688,-2.490259633518008
385,7.015432357788086,-1.1399515867233276,-2.447112973542289
386,6.985528945922852,-0.9320532083511353,-2.399675208094095
387,6.9478759765625,-0.7243863344192505,-2.375674371545074
388,6.902242660522461,-0.5169825553894043,-2.3886297635622213
389,6.853965759277344,-0.3099203109741211,-2.435040135620966
390,6.812944412231445,-0.10287106037139893,-2.4969483120976292
391,6.811145782470703,0.10525619983673096,-2.4951040250921324
392,6.855142593383789,0.31218206882476807,-2.4238624045342476
393,6.906223297119141,0.519057035446167,-2.3658504050561078
394,6.952425003051758,0.7263686656951904,-2.350722423634579
395,6.989711761474609,0.9339269399642944,-2.376957647686595
396,7.018651962280273,1.1416420936584473,-2.4303116154817417
397,7.043233871459961,1.3498778343200684,-2.4803178644035597
398,7.0626220703125,1.5588347911834717,-2.512528192115269
399,7.0733184814453125,1.7684824466705322,-2.52724289875232
0,-7.845600128173828,-1.9615051746368408,-2.9443144039137223
1,7.841178894042969,-1.960208773612976,-2.9424594953600263
2,-7.841826438903809,1.9599390029907227,-2.942467220122353
3,7.845537185668945,1.9616479873657227,-2.944264192958599
4,-7.842761039733887,1.7493257522583008,-2.938880033616897
5,-7.833303451538086,1.538630723953247,-2.928860051283891
6,-7.815030097961426,1.328200101852417,-2.9056519684686464
7,-7.789939880371094,1.1181755065917969,-2.863687197128911
8,-7.756191253662109,0.9085370302200317,-2.814216853593507
9,-7.690741539001465,0.6992894411087036,-2.840491667052447
10,-7.516217231750488,0.5023791790008545,-3.0809509655434795
11,-7.505613327026367,0.29234349727630615,-3.0406750203674164
12,-7.420894622802734,0.08406460285186768,-3.1156901873218885
13,-7.286593437194824,-0.11046075820922852,-3.4094455178906173
14,-7.4847307205200195,-0.29617732763290405,-3.060508347641189
15,-7.507872581481934,-0.5061537623405457,-3.053481710709775
16,-7.691948890686035,-0.702324628829956,-2.812074197643142
17,-7.760485649108887,-0.911223292350769,-2.781998801119471
18,-7.791953086853027,-1.1204485893249512,-2.8434869436446206
19,-7.8162336349487305,-1.3301390409469604,-2.895016901935378
20,-7.834972381591797,-1.5403367280960083,-2.923713428383735
21,-7.846222877502441,-1.750859260559082,-2.936899597675392
22,-7.003016471862793,-1.9616541862487793,-2.9368629050543404
23,-6.160947799682617,-1.958831548690796,-2.9236699765956473
24,-5.320157051086426,-1.9541397094726562,-2.895094149558645
25,-4.481367111206055,-1.9480842351913452,-2.8438364891399033
26,-3.644444465637207,-1.940324068069458,-2.78192831266324
27,-2.8088111877441406,-1.923205852508545,-2.8122702134871815
28,-2.023286819458008,-1.8774560689926147,-3.0515823847727006
29,-1.1834077835083008,-1.8718347549438477,-3.056781149818562
30,-0.4428863525390625,-1.8217172622680664,-3.4096560176640196
31,0.3372020721435547,-1.854461908340454,-3.1199726024367465
32,1.1697940826416016,-1.8761383295059204,-3.041290104567679
33,2.009998321533203,-1.8793461322784424,-3.078032936574573
34,2.798704147338867,-1.9225399494171143,-2.8400957729832044
35,3.635631561279297,-1.9389348030090332,-2.813321746758902
36,4.474128723144531,-1.9473001956939697,-2.8635442890258673
37,5.314218521118164,-1.9535489082336426,-2.905542856200782
38,6.15594482421875,-1.9580967426300049,-2.9287451454442817
39,6.998716354370117,-1.9604533910751343,-2.93880278599363
40,7.842220306396484,-1.7495949268341064,-2.938831753852355
41,7.832866668701172,-1.5389022827148438,-2.9288001843758593
42,7.8146820068359375,-1.3284765481948853,-2.905577617631252
43,7.789710998535156,-1.118459939956665,-2.863445798306202
44,7.756294250488281,-0.9088334441184998,-2.8131199373431173
45,7.691289901733398,-0.6995707154273987,-2.8385517861131575
46,7.513708114624023,-0.5031996965408325,-3.0841239116691668
47,7.5062408447265625,-0.2932233214378357,-3.038226270709856
48,7.422191619873047,-0.08510112762451172,-3.1194009700245715
49,7.288015365600586,0.10971653461456299,-3.4099408682748162
50,7.480381011962891,0.29667019844055176,-3.0690171733440366
51,7.507818222045898,0.5066028833389282,-3.053276038912827
52,7.693241119384766,0.7024813890457153,-2.808703304482833
53,7.760963439941406,0.9114125967025757,-2.780073404109544
54,7.791927337646484,1.1206133365631104,-2.8429346231382624
55,7.816129684448242,1.330293893814087,-2.89477646870796
56,7.834856033325195,1.5404865741729736,-2.923565692304237
57,7.846120834350586,1.7510030269622803,-2.9367933821934002
58,7.002956390380859,1.9617514610290527,-2.93677020790642
59,6.160907745361328,1.9588918685913086,-2.9235521739701653
60,5.32014274597168,1.9541752338409424,-2.894898133714605
61,4.481388092041016,1.948106288909912,-2.8434811500728756
62,3.64453125,1.9404044151306152,-2.7808352587940135
63,2.808910369873047,1.923280954360962,-2.8114977372545127
64,2.0223140716552734,1.877943754196167,-3.048657596636758
65,1.1825599670410156,1.8710463047027588,-3.0623449098843594
66,0.4398326873779297,1.8215546607971191,-3.4115997609844726
67,-0.34086036682128906,1.854654312133789,-3.1243380587466163
68,-1.1722383499145508,1.8765344619750977,-3.0351373313744716
69,-2.0121517181396484,1.8786358833312988,-3.0812280913919494
70,-2.799093246459961,1.9225378036499023,-2.8391639735275476
71,-3.636150360107422,1.9388196468353271,-2.8135901822497544
72,-4.474696159362793,1.9471895694732666,-2.863600293552736
73,-5.314818382263184,1.9534101486206055,-2.905578583226543
74,-6.156573295593262,1.9579203128814697,-2.928767354135971
75,-6.999364852905273,1.9602277278900146,-2.9388346506382277
76,-7.005210876464844,-1.7513964176177979,-2.902013605412776
77,-6.996821403503418,-1.5418081283569336,-2.8497884185126168
78,-6.984933853149414,-1.3332643508911133,-2.764494489687195
79,-6.9755706787109375,-1.126270055770874,-2.638593416500953
80,-6.967310905456543,-0.9201563596725464,-2.497774861666585
81,-6.930685997009277,-0.7120963335037231,-2.4453150351107524
82,-6.843207359313965,-0.5055864453315735,-2.524749731711381
83,-6.719204902648926,-0.3037698268890381,-2.7026278338080374
84,-6.562505722045898,-0.10915368795394897,-2.9712554781233393
85,-6.601773262023926,0.0990527868270874,-2.924766892846037
86,-6.728150367736816,0.298744797706604,-2.712925907584804
87,-6.828625679016113,0.5032048225402832,-2.5832078362138873
88,-6.918271064758301,0.7094511985778809,-2.498846672439413
89,-6.957306861877441,0.9174811840057373,-2.546330786461567
90,-6.969552040100098,1.124037265777588,-2.6750736065887395
91,-6.981690406799316,1.3314943313598633,-2.7879082442993877
92,-6.994183540344238,1.5402615070343018,-2.8645272650319384
93,-7.001781463623047,1.749981164932251,-2.909966248228102
94,-6.166881561279297,-1.7492845058441162,-2.849752691486856
95,-6.161975860595703,-1.5405696630477905,-2.7577768432488483
96,-6.156116485595703,-1.333382487297058,-2.6271713898056532
97,-6.15749454498291,-1.1285691261291504,-2.447975250137006
98,-6.164644241333008,-0.9250553846359253,-2.2476093993120685
99,-6.160655975341797,-0.718845546245575,-2.1012010133390504
100,-6.116207122802734,-0.5096431970596313,-2.0910883338581243
101,-6.008997917175293,-0.30471521615982056,-2.242682932138223
102,-5.860893249511719,-0.1078108549118042,-2.4966924293455577
103,-5.854879379272461,0.10178232192993164,-2.526246404412177
104,-5.988160133361816,0.3021571636199951,-2.3065985812245344
105,-6.09819221496582,0.5068187713623047,-2.155715626673782
106,-6.145024299621582,0.715864896774292,-2.1634934967414665
107,-6.153189659118652,0.9222666025161743,-2.30145388951496
108,-6.150354385375977,1.1264269351959229,-2.4887185434338335
109,-6.15179443359375,1.3317747116088867,-2.6563680946146633
110,-6.158336639404297,1.5391802787780762,-2.7806006191383403
111,-6.16288948059082,1.7481367588043213,-2.8644490518133807
112,-5.332688331604004,-1.746308445930481,-2.764635466599657
113,-5.333251953125,-1.5391120910644531,-2.6272418782618843
114,-5.331672668457031,-1.3329882621765137,-2.4699512333611437
115,-5.337222099304199,-1.1291453838348389,-2.270701610692413
116,-5.352011680603027,-0.9277910590171814,-2.033921230259466
117,-5.3628644943237305,-0.7243704199790955,-1.8286424305947548
118,-5.34506893157959,-0.5158087015151978,-1.743076203897317
119,-5.27374267578125,-0.3076489567756653,-1.8238608027145347
120,-5.151215553283691,-0.10662221908569336,-2.0365321999258867
121,-5.131918907165527,0.1026533842086792,-2.086513343370143
122,-5.248862266540527,0.30533719062805176,-1.8969438134920438
123,-5.32894229888916,0.5129270553588867,-1.804881061677861
124,-5.351590156555176,0.7216321229934692,-1.8805827668841175
125,-5.343981742858887,0.9255248308181763,-2.0766449594977985
126,-5.332364082336426,1.1276359558105469,-2.3012858759343544
127,-5.326969146728516,1.3313815593719482,-2.501242314355977
128,-5.328765869140625,1.5376081466674805,-2.6562609135373805
129,-5.327810287475586,1.745072841644287,-2.7878309966761208
130,-4.504610061645508,-1.743974208831787,-2.6392152598682515
131,-4.513838768005371,-1.5394426584243774,-2.4486308893394835
132,-4.516219139099121,-1.3343786001205444,-2.271055018568859
133,-4.518795967102051,-1.129793643951416,-2.085483053194821
134,-4.530858039855957,-0.9278928637504578,-1.8573061268032234
135,-4.546106338500977,-0.7266960144042969,-1.6207603860259496
136,-4.544814109802246,-0.5206827521324158,-1.4694458103801935
137,-4.503734588623047,-0.3115728497505188,-1.4723986007795702
138,-4.417961120605469,-0.1060647964477539,-1.6159179256424068
139,-4.398882865905762,0.10308218002319336,-1.6657156059814042
140,-4.482578277587891,0.3092498779296875,-1.5402133236502777
141,-4.532880783081055,0.5181244611740112,-1.5213764907166478
142,-4.539484977722168,0.7247648239135742,-1.6573680346921265
143,-4.528263092041016,0.9270486831665039,-1.8775787999343265
144,-4.515302658081055,1.1285359859466553,-2.110787443386471
145,-4.512012481689453,1.332794189453125,-2.30113041509253
146,-4.507354736328125,1.5372834205627441,-2.4887475112925586
147,-4.49797248840332,1.7420787811279297,-2.6751508542120064
148,-3.6800336837768555,-1.741905927658081,-2.498977027803676
149,-3.699582099914551,-1.5412049293518066,-2.2492238746383464
150,-3.7105770111083984,-1.338057518005371,-2.0353966598638635
151,-3.7110424041748047,-1.1327970027923584,-1.8581249516098524
152,-3.7118759155273438,-0.9280877709388733,-1.6728571487524277
153,-3.722309112548828,-0.7261446118354797,-1.4466374840153549
154,-3.72879695892334,-0.5226753950119019,-1.2485851995072608
155,-3.710674285888672,-0.3143877387046814,-1.1757686930300224
156,-3.661534309387207,-0.10597294569015503,-1.237841020706128
157,-3.646953582763672,0.10347795486450195,-1.2787474996071069
158,-3.6942644119262695,0.3121492862701416,-1.2350156888851416
159,-3.7201805114746094,0.5206170082092285,-1.292034090809011
160,-3.7196969985961914,0.7252994775772095,-1.4673746084813502
161,-3.710482597351074,0.9274404048919678,-1.6891631564287763
162,-3.7094078063964844,1.1318633556365967,-1.8773364355163267
163,-3.703505516052246,1.3357317447662354,-2.076884427129926
164,-3.6906728744506836,1.5380113124847412,-2.301848817988912
165,-3.671802520751953,1.7390704154968262,-2.546090353234149
166,-2.8477439880371094,-1.7328169345855713,-2.4460981328916205
167,-2.8746795654296875,-1.540236473083496,-2.1028628028345793
168,-2.8967933654785156,-1.3407593965530396,-1.8306991485642357
169,-2.905947685241699,-1.1365844011306763,-1.6228103448283946
170,-2.9038314819335938,-0.9306955933570862,-1.4477527465762705
171,-2.902590751647949,-0.7258260250091553,-1.259109222582083
172,-2.907052993774414,-0.5223666429519653,-1.0528368253631015
173,-2.904025077819824,-0.31552964448928833,-0.9169263913920531
174,-2.884823799133301,-0.10580086708068848,-0.898950869457849
175,-2.873305320739746,0.10435914993286133,-0.9331899128756049
176,-2.8917922973632812,0.3136429786682129,-0.967180798303616
177,-2.9014644622802734,0.5208656787872314,-1.0883205211107452
178,-2.9003915786743164,0.7250384092330933,-1.27983669109517
179,-2.9018478393554688,0.9297981262207031,-1.4669507121486731
180,-2.900172233581543,1.13466477394104,-1.6573892777885249
181,-2.8879079818725586,1.3376193046569824,-1.8810028008356312
182,-2.8651580810546875,1.5360028743743896,-2.163450044953379
183,-2.839707374572754,1.72935152053833,-2.4982200010956603
184,-2.0214195251464844,-1.7111811637878418,-2.5234828706898043
185,-2.0378007888793945,-1.5293068885803223,-2.0908295543201803
186,-2.0628480911254883,-1.3364603519439697,-1.7435165153499383
187,-2.0820493698120117,-1.136330485343933,-1.4709540702244794
188,-2.0899782180786133,-0.9323582649230957,-1.2499872438695547
189,-2.088764190673828,-0.7270461916923523,-1.052839722148974
190,-2.0863475799560547,-0.5219197273254395,-0.856006018897915
191,-2.094491958618164,-0.31619906425476074,-0.6648403600040638
192,-2.1069555282592773,-0.1038162112236023,-0.5650702265784275
193,-2.0870933532714844,0.10585212707519531,-0.6108867575333079
194,-2.0826454162597656,0.3143538236618042,-0.7192700009532018
195,-2.08341121673584,0.5207186937332153,-0.8853813588357298
196,-2.083683967590332,0.7252439260482788,-1.0871820842628495
197,-2.083308219909668,0.929898738861084,-1.2905248653694343
198,-2.073751449584961,1.1329689025878906,-1.521051085103636
199,-2.0532331466674805,1.331911563873291,-1.8051253572864425
200,-2.0291061401367188,1.5242486000061035,-2.155484849399272
201,-2.0147619247436523,1.706984043121338,-2.5820587778177924
202,-1.2133197784423828,-1.6805450916290283,-2.6978153068785105
203,-1.2171850204467773,-1.5028314590454102,-2.2389045577651814
204,-1.229970932006836,-1.3189321756362915,-1.8200563572686406
205,-1.245661735534668,-1.1262351274490356,-1.470891306530575
206,-1.257035255432129,-0.9279728531837463,-1.1748417215508198
207,-1.2617321014404297,-0.7263597249984741,-0.9155513836979026
208,-1.264185905456543,-0.5241773128509521,-0.6618305994825278
209,-1.2743759155273438,-0.31981033086776733,-0.42971694109019154
210,-1.3022022247314453,-0.10708588361740112,-0.25674695985685503
211,-1.2897262573242188,0.11034929752349854,-0.28203396933326985
212,-1.2788972854614258,0.31835639476776123,-0.44975594016091236
213,-1.2583389282226562,0.5203492641448975,-0.7159020045787656
214,-1.2552289962768555,0.7230323553085327,-0.961149690117054
215,-1.2495965957641602,0.9234600067138672,-1.2318398459735818
216,-1.2383575439453125,1.1202991008758545,-1.540159250313991
217,-1.223017692565918,1.3117713928222656,-1.8977636038939636
218,-1.2107877731323242,1.496610164642334,-2.3072155966153787
219,-1.1974706649780273,1.6815941333770752,-2.7136066522648434
220,-0.43492984771728516,-1.6414127349853516,-2.9667838063314775
221,-0.4288196563720703,-1.4660974740982056,-2.4919977050415127
222,-0.4252138137817383,-1.2886102199554443,-2.031670427636527
223,-0.4231843948364258,-1.1050416231155396,-1.6122206612737955
224,-0.4231119155883789,-0.9158833622932434,-1.2340085729967996
225,-0.423187255859375,-0.7217521667480469,-0.8946964566064253
226,-0.4180269241333008,-0.5261443853378296,-0.5658813266227298
227,-0.4292917251586914,-0.3259769082069397,-0.2575686814493565
228,-0.44974613189697266,-0.11267489194869995,-0.08191337971220491
229,-0.4251089096069336,0.1067197322845459,-0.08335984145787734
230,-0.4439697265625,0.32269060611724854,-0.2791700137006501
231,-0.42685890197753906,0.523504376411438,-0.5877665438895292
232,-0.4174489974975586,0.719042181968689,-0.9232278662600493
233,-0.4148597717285156,0.9118334054946899,-1.2751728658404318
234,-0.4134998321533203,1.0995516777038574,-1.6650532076118907
235,-0.41186046600341797,1.282829761505127,-2.08632505228843
236,-0.4091224670410156,1.463550090789795,-2.526464628947906
237,-0.3984241485595703,1.650315523147583,-2.92498994535822
238,0.3984794616699219,-1.6497553586959839,-2.928102058980585
239,0.4090232849121094,-1.4633129835128784,-2.5275229213866623
240,0.41167449951171875,-1.2827556133270264,-2.0865577607535215
241,0.4133148193359375,-1.099553108215332,-1.6649489233204804
242,0.4147319793701172,-0.9118569493293762,-1.2750328545232605
243,0.4173927307128906,-0.7190676927566528,-0.9231660681614358
244,0.42685699462890625,-0.5235302448272705,-0.5877868213906368
245,0.44397735595703125,-0.32271915674209595,-0.2792211902510644
246,0.42526817321777344,-0.10674506425857544,-0.08335018550496898
247,0.4499015808105469,0.11264920234680176,-0.08198483376372678
248,0.42938232421875,0.32595694065093994,-0.25756385347290234
249,0.4180164337158203,0.526127815246582,-0.56595084948367
250,0.42312049865722656,0.721743106842041,-0.8947930161355089
251,0.4229755401611328,0.9158823490142822,-1.23414761871868
252,0.423004150390625,1.1050646305084229,-1.6122892185394448
253,0.4250621795654297,1.2886841297149658,-2.0315265539381926
254,0.42873191833496094,1.466200828552246,-2.491872177653704
255,0.4349632263183594,1.641601800918579,-2.966285559161406
256,1.196157455444336,-1.6818500757217407,-2.712802311387577
257,1.2101726531982422,-1.4967105388641357,-2.307278360309283
258,1.2226848602294922,-1.3118281364440918,-1.8979683100956208
259,1.2381324768066406,-1.1203582286834717,-1.5402249107937678
260,1.24945068359375,-0.923516571521759,-1.231850467521781
261,1.2551536560058594,-0.7230850458145142,-0.9611487245217631
262,1.258331298828125,-0.5203949213027954,-0.7159377316045266
263,1.278961181640625,-0.31839519739151,-0.449805185520745
264,1.2898845672607422,-0.11040091514587402,-0.2820465220720507
265,1.3023185729980469,0.10705006122589111,-0.25695070046322144
266,1.2744464874267578,0.3197838068008423,-0.42978646395113174
267,1.2642059326171875,0.5241603851318359,-0.6618962599623046
268,1.2616748809814453,0.7263467311859131,-0.915631528107042
269,1.2569236755371094,0.9279574155807495,-1.1749769048915368
270,1.2455425262451172,1.126215934753418,-1.471062216897053
271,1.2299156188964844,1.318922758102417,-1.8201017402473099
272,1.2171573638916016,1.5028233528137207,-2.2388871770499463
273,1.2138137817382812,1.680372714996338,-2.6986090262075777
274,2.0138072967529297,-1.7071470022201538,-2.5819110417382944
275,2.028533935546875,-1.5243451595306396,-2.1556702436951127
276,2.052867889404297,-1.3319896459579468,-1.8053262011069364
277,2.073505401611328,-1.1330437660217285,-1.5211486102280105
278,2.0831470489501953,-0.929970920085907,-1.2905403148940877
279,2.0835914611816406,-0.7253097891807556,-1.0871820842628495
280,2.083375930786133,-0.5207729935646057,-0.8854730903883592
281,2.0826969146728516,-0.31439781188964844,-0.719439945724389
282,2.087228775024414,-0.10589087009429932,-0.6110953261161285
283,2.107126235961914,0.10378003120422363,-0.5653058318293915
284,2.0945568084716797,0.3161720037460327,-0.6649967864411792
285,2.086366653442383,0.5219011306762695,-0.8561112687846162
286,2.088712692260742,0.7270355224609375,-1.0528889675088067
287,2.0898818969726562,0.9323488473892212,-1.250032626848224
288,2.0819358825683594,1.136314868927002,-1.4710709072546706
289,2.0627784729003906,1.3364412784576416,-1.7436256276178028
290,2.037752151489258,1.5293092727661133,-2.0907040269323716
291,2.021320343017578,1.7112972736358643,-2.5225047226601873
292,2.838977813720703,-1.729422688484192,-2.498616860760194
293,2.8646183013916016,-1.5360641479492188,-2.16390194354949
294,2.887544631958008,-1.3376985788345337,-1.8811708144162367
295,2.899932861328125,-1.1347475051879883,-1.6574143832660866
296,2.901683807373047,-0.9298773407936096,-1.4669439529816373
297,2.900266647338867,-0.7251075506210327,-1.2799235946713452
298,2.901407241821289,-0.5209267139434814,-1.088450876475008
299,2.891826629638672,-0.3136926293373108,-0.9674241283169067
300,2.8734912872314453,-0.10440033674240112,-0.9335355959897242
301,2.8850326538085938,0.10575532913208008,-0.8993515915035459
302,2.9040660858154297,0.31549549102783203,-0.9171957924781964
303,2.907062530517578,0.5223416090011597,-1.0529826302520178
304,2.902545928955078,0.7258114814758301,-1.2591575023466248
305,2.9037399291992188,0.9306850433349609,-1.4477865424114498
306,2.9058666229248047,1.1365771293640137,-1.6227746178026337
307,2.8967208862304688,1.3407459259033203,-1.8307368067805783
308,2.8746261596679688,1.5402204990386963,-2.1029101170038302
309,2.8477134704589844,1.7328569889068604,-2.4456018169121307
310,3.6711349487304688,-1.7391232252120972,-2.5467054374344116
311,3.6901893615722656,-1.5380945205688477,-2.302060283357605
312,3.7031726837158203,-1.3358244895935059,-2.0769259477274318
313,3.709165573120117,-1.1319539546966553,-1.8773615409938884
314,3.7102794647216797,-0.9275230169296265,-1.6892780622683858
315,3.7195606231689453,-0.7253828048706055,-1.467428681817637
316,3.7200927734375,-0.5206881761550903,-1.29221755391427
317,3.694286346435547,-0.3122100830078125,-1.2353237137829183
318,3.6471824645996094,-0.10352885723114014,-1.2791742927256564
319,3.66180419921875,0.10592401027679443,-1.2384329306194104
320,3.7106399536132812,0.3143589496612549,-1.1761375504311218
321,3.7287845611572266,0.5226553678512573,-1.2487454883255396
322,3.722240447998047,0.7261286973953247,-1.4467736329513627
323,3.7117919921875,0.9280819892883301,-1.6728725982770811
324,3.7109298706054688,1.1327877044677734,-1.8581993024472467
325,3.7105331420898438,1.3380565643310547,-2.0352788572383815
326,3.6995315551757812,1.5411946773529053,-2.2492180810666014
327,3.679990768432617,1.7418882846832275,-2.49903979149758
328,4.4974212646484375,-1.7421908378601074,-2.675151819807297
329,4.5069122314453125,-1.5373916625976562,-2.4888170341534988
330,4.511678695678711,-1.3329027891159058,-2.301181591642944
331,4.515039443969727,-1.1286407709121704,-2.110875312557937
332,4.528068542480469,-0.9271586537361145,-1.877587490291944
333,4.539314270019531,-0.724867582321167,-1.657458800649465
334,4.532752990722656,-0.5182164311408997,-1.521587956085341
335,4.482610702514648,-0.30932843685150146,-1.5405039678328194
336,4.399385452270508,-0.10312557220458984,-1.6658276150351412
337,4.418510437011719,0.1060488224029541,-1.6164683149581833
338,4.503595352172852,0.31158947944641113,-1.4727075912726377
339,4.54475212097168,0.5206941366195679,-1.4696147895560898
340,4.546041488647461,0.7267112731933594,-1.6207719731694397
341,4.530727386474609,0.9278944730758667,-1.8574799339555739
342,4.518697738647461,1.1298058032989502,-2.0854801564089485
343,4.51611328125,1.3343849182128906,-2.2711110230957274
344,4.513805389404297,1.539456844329834,-2.4484841188552764
345,4.504610061645508,1.7439899444580078,-2.638989310570196
346,5.327272415161133,-1.745213508605957,-2.7878078223891407
347,5.328334808349609,-1.537749171257019,-2.656262844727962
348,5.326635360717773,-1.331522822380066,-2.5012654886429573
349,5.332109451293945,-1.1277810335159302,-2.3012665640285377
350,5.343769073486328,-0.9256704449653625,-2.076629509973145
351,5.351398468017578,-0.7217747569084167,-1.880609803552261
352,5.328802108764648,-0.5130637884140015,-1.804968930849327
353,5.248989105224609,-0.3054528832435608,-1.8969708501601872
354,5.133060455322266,-0.1026611328125,-2.0857022433258408
355,5.152685165405273,0.10667562484741211,-2.036194241574094
356,5.273830413818359,0.30779480934143066,-1.823075773743085
357,5.345024108886719,0.5159111022949219,-1.7429622636529984
358,5.362791061401367,0.7244441509246826,-1.8285304215410179
359,5.351900100708008,0.9278441667556763,-2.0338845376384143
360,5.3370819091796875,1.1291801929473877,-2.2708155509367316
361,5.331584930419922,1.3330280780792236,-2.469885572881367
362,5.333187103271484,1.5391473770141602,-2.627165596233908
363,5.332666397094727,1.746345043182373,-2.764439450755617
364,6.162355422973633,-1.748317003250122,-2.8644162215734923
365,6.157905578613281,-1.5393636226654053,-2.7805716512796153
366,6.151460647583008,-1.3319618701934814,-2.6563130556830856
367,6.15009880065918,-1.1266201734542847,-2.4886297086670766
368,6.153003692626953,-0.9224703907966614,-2.30126946081441
369,6.144941329956055,-0.7160856127738953,-2.1630686348134986
370,6.098056793212891,-0.5070513486862183,-2.1556123079776626
371,5.98826789855957,-0.30240172147750854,-2.3065319551494667
372,5.856389999389648,-0.10191172361373901,-2.5249293324354767
373,5.862668991088867,0.10763132572174072,-2.4966354592233984
374,6.008657455444336,0.30474185943603516,-2.243329880983083
375,6.116067886352539,0.5096986293792725,-2.0912215860082597
376,6.160602569580078,0.7189246416091919,-2.1010059630903015
377,6.164575576782227,0.9251415729522705,-2.247382484418722
378,6.157388687133789,1.1286461353302002,-2.4478642066785596
379,6.156011581420898,1.3334546089172363,-2.6271105573023306
380,6.161903381347656,1.5406410694122314,-2.7576358663363862
381,6.166826248168945,1.74934983253479,-2.8496146113602663
382,7.001237869262695,-1.7502079010009766,-2.9099334179882135
383,6.993745803833008,-1.5404918193817139,-2.86447126050507
384,6.981342315673828,-1.3317302465438843,-2.7878570677489733
385,6.969301223754883,-1.124285101890564,-2.674898833841098
386,6.95728874206543,-0.917759895324707,-2.545547688680699
387,6.918386459350586,-0.7097500562667847,-2.4978704556003777
388,6.828340530395508,-0.5035727024078369,-2.5832580471690108
389,6.727136611938477,-0.299255907535553,-2.714899584359273
390,6.604366302490234,-0.09914082288742065,-2.921692437440015
391,6.56553840637207,0.10908687114715576,-2.969006606690982
392,6.717931747436523,0.304172158241272,-2.704697104516299
393,6.843133926391602,0.5057805776596069,-2.5245430943191423
394,6.931161880493164,0.7122387886047363,-2.443739183596108
395,6.96734619140625,0.9202938079833984,-2.4971288784170156
396,6.975488662719727,1.1263947486877441,-2.638282494817304
397,6.984828948974609,1.3333814144134521,-2.7643023362243184
398,6.996726989746094,1.5419182777404785,-2.849639716837828
399,7.005126953125,1.7514984607696533,-2.9018871124296766
0,-7.6960248947143555,-1.924054503440857,-3.395564119989558
1,7.694265365600586,-1.9236910343170166,-3.3941070366956865
2,-7.695711135864258,1.9231901168823242,-3.3941553164602283
3,7.695772171020508,1.9242196083068848,-3.3953903128372076
4,-7.69743537902832,1.7127275466918945,-3.3678138769262205
5,-7.69310188293457,1.5022327899932861,-3.325374032703394
6,-7.686605453491211,1.29227876663208,-3.2500595312087626
7,-7.678483963012695,1.0835363864898682,-3.1356586979363783
8,-7.654577255249023,0.8748279809951782,-3.0338173626118987
9,-7.56113338470459,0.6660566329956055,-3.0712486640611587
10,-7.30667781829834,0.4797478914260864,-3.371250430566306
11,-7.239391326904297,0.27131104469299316,-3.4705358351559426
12,-7.067435264587402,0.07179844379425049,-3.684972340558943
13,-6.873260498046875,-0.12377029657363892,-3.9324408952661543
14,-7.192224502563477,-0.2859768867492676,-3.4944961167027486
15,-7.300976753234863,-0.4904254674911499,-3.3262421028698554
16,-7.584386825561523,-0.6692724227905273,-2.9809616419868235
17,-7.673672676086426,-0.8781646490097046,-2.951885636589168
18,-7.685407638549805,-1.0857678651809692,-3.085602238059437
19,-7.688817977905273,-1.2937008142471313,-3.2207266774637446
20,-7.693819999694824,-1.5033211708068848,-3.30817291819244
21,-7.698027610778809,-1.7136833667755127,-3.3585316093954134
22,-6.854534149169922,-1.9245548248291016,-3.3585383685624493
23,-6.0130615234375,-1.9235141277313232,-3.30838052117997
24,-5.174489974975586,-1.9222708940505981,-3.221577366914971
25,-4.342564582824707,-1.9214096069335938,-3.0874416970884795
26,-3.5120487213134766,-1.918482780456543,-2.9541856845719394
27,-2.676510810852051,-1.8961114883422852,-2.983413288430256
28,-1.9571342468261719,-1.8260985612869263,-3.322833551493204
29,-1.1399297714233398,-1.7981386184692383,-3.4921004747861843
30,-0.49308013916015625,-1.7175884246826172,-3.9306323352864183
31,0.29045677185058594,-1.7660093307495117,-3.6878623672644153
32,1.0870094299316406,-1.809511661529541,-3.4709674562509463
33,1.9200000762939453,-1.8271222114562988,-3.371102694486808
34,2.6655807495117188,-1.8903043270111084,-3.070038773161741
35,3.500701904296875,-1.91376531124115,-3.0329473612548554
36,4.335546493530273,-1.9195895195007324,-3.135838298660474
37,5.170587539672852,-1.921546220779419,-3.2501531939519737
38,6.010419845581055,-1.9231235980987549,-3.325273610793147
39,6.852409362792969,-1.9241670370101929,-3.3676680720373042
40,7.696256637573242,-1.7132301330566406,-3.3676835215619576
41,7.692203521728516,-1.5027320384979248,-3.3251886384075533
42,7.686025619506836,-1.2927749156951904,-3.2497524719062767
43,7.678310394287109,-1.0840435028076172,-3.1348157332474784
44,7.654994964599609,-0.875353217124939,-3.03197114441582
45,7.561500549316406,-0.6665707230567932,-3.0696959868334943
46,7.304542541503906,-0.48081833124160767,-3.3732916990111335
47,7.239284515380859,-0.2722705602645874,-3.4716144050958064
48,7.067815780639648,-0.07285487651824951,-3.6882196375220246
49,6.874547958374023,0.12310516834259033,-3.9317562882049515
50,7.186801910400391,0.287700891494751,-3.503722379706687
51,7.301828384399414,0.4914752244949341,-3.326380182996445
52,7.587413787841797,0.6694936752319336,-2.9758140534913764
53,7.675313949584961,0.8784389495849609,-2.948204787340501
54,7.685882568359375,1.085961103439331,-3.084234955127613
55,7.688938140869141,1.2938716411590576,-3.220042070402542
56,7.693759918212891,1.5034894943237305,-3.3076881893564405
57,7.697835922241211,1.7138502597808838,-3.358191719853039
58,6.854291915893555,1.9247043132781982,-3.3582255156882184
59,6.0128326416015625,1.9236598014831543,-3.307955659252002
60,5.174278259277344,1.9224226474761963,-3.2210028377169238
61,4.342388153076172,1.9215867519378662,-3.0865890764466712
62,3.512063980102539,1.9188566207885742,-2.951866324683351
63,2.676450729370117,1.896637201309204,-2.9810321304430545
64,1.9564495086669922,1.826951026916504,-3.32026506801958
65,1.1411151885986328,1.7976922988891602,-3.4951449967381905
66,0.49128150939941406,1.7176156044006348,-3.9305550876631514
67,-0.29412841796875,1.7656803131103516,-3.6922625850047552
68,-1.088571548461914,1.809776782989502,-3.4688750112557045
69,-1.9225654602050781,1.8264169692993164,-3.3712118067546726
70,-2.6670379638671875,1.8902888298034668,-3.070132435904952
71,-3.502218246459961,1.9134862422943115,-3.033608794029078
72,-4.337030410766602,1.919325828552246,-3.135931961403685
73,-5.172022819519043,1.921234130859375,-3.2502835493162365
74,-6.011861801147461,1.9227492809295654,-3.3254396931831707
75,-6.85385799407959,1.92372727394104,-3.367804220973312
76,-6.860753059387207,-1.7152369022369385,-3.2687438000864404
77,-6.864554405212402,-1.5065124034881592,-3.159873896639965
78,-6.875894546508789,-1.2998037338256836,-3.0013009411929943
79,-6.900845527648926,-1.0966380834579468,-2.781587457525575
80,-6.923894882202148,-0.8931492567062378,-2.5674628394015144
81,-6.884380340576172,-0.68349289894104,-2.510177933177374
82,-6.731416702270508,-0.48160797357559204,-2.699019404206183
83,-6.4976654052734375,-0.29536694288253784,-3.015993439138356
84,-6.235708236694336,-0.11669504642486572,-3.3778222721157363
85,-6.310067176818848,0.09261655807495117,-3.3177487266916614
86,-6.5304765701293945,0.2812459468841553,-3.0114647972243347
87,-6.7144927978515625,0.4771432876586914,-2.7654687753356484
88,-6.865321159362793,0.6796562671661377,-2.593464389393148
89,-6.910148620605469,0.8893476724624634,-2.6384949257812877
90,-6.891863822937012,1.0938026905059814,-2.8362179422952067
91,-6.8711395263671875,1.2980067729949951,-3.0394912005408514
92,-6.861904144287109,1.5051817893981934,-3.1877264928041313
93,-6.859193801879883,1.714167594909668,-3.2879736303034406
94,-6.025812149047852,-1.7161930799484253,-3.1601085362956383
95,-6.037908554077148,-1.5095391273498535,-2.998256419240988
96,-6.059240341186523,-1.3049880266189575,-2.797100711468147
97,-6.095690727233887,-1.1045657396316528,-2.5372300508454373
98,-6.133002281188965,-0.9042428731918335,-2.2756116627463143
99,-6.130784034729004,-0.6965917348861694,-2.131613402619223
100,-6.039642333984375,-0.4877450466156006,-2.2100940910725058
101,-5.845675468444824,-0.2939240336418152,-2.478802845392238
102,-5.60842227935791,-0.11026197671890259,-2.8143558993153874
103,-5.618078231811523,0.0999833345413208,-2.8347058200697575
104,-5.84177303314209,0.2875552177429199,-2.5240178104809274
105,-6.02598762512207,0.4835352897644043,-2.274206721598148
106,-6.118094444274902,0.6925500631332397,-2.2014018022643995
107,-6.124142646789551,0.9007234573364258,-2.334243574401171
108,-6.089078903198242,1.1020114421844482,-2.584081699952094
109,-6.054473876953125,1.3032047748565674,-2.8344653868423393
110,-6.0340728759765625,1.5079936981201172,-3.0318755504820274
111,-6.0232343673706055,1.714949369430542,-3.1878143619755974
112,-5.198823928833008,-1.7190221548080444,-3.0022993667237188
113,-5.219549179077148,-1.5148710012435913,-2.797806561625748
114,-5.241890907287598,-1.310576319694519,-2.5944212943263665
115,-5.275693893432617,-1.1092826128005981,-2.346759620560988
116,-5.317546844482422,-0.9111949801445007,-2.0607782976787803
117,-5.3405866622924805,-0.7083830833435059,-1.8353108316732687
118,-5.30400276184082,-0.49853235483169556,-1.7915094980903632
119,-5.167232513427734,-0.2957960367202759,-1.9729516124054953
120,-4.958864212036133,-0.10679209232330322,-2.2786899805334997
121,-4.938897132873535,0.10258340835571289,-2.334383585718342
122,-5.147148132324219,0.2930588722229004,-2.042291010240433
123,-5.291003227233887,0.49508750438690186,-1.8554029384849855
124,-5.334449768066406,0.7051244974136353,-1.8875997478626232
125,-5.31472110748291,0.9090310335159302,-2.0986489449853707
126,-5.2740278244018555,1.1081929206848145,-2.3735210940465095
127,-5.238516807556152,1.3092288970947266,-2.6253019973225946
128,-5.2148942947387695,1.5132064819335938,-2.8345947766113113
129,-5.19449520111084,1.717362880706787,-3.039787638295138
130,-4.385858535766602,-1.7252428531646729,-2.783660590615
131,-4.417490005493164,-1.523972749710083,-2.539052129159245
132,-4.436413764953613,-1.319023847579956,-2.3477686676399117
133,-4.455541610717773,-1.1140470504760742,-2.156428235998419
134,-4.490255355834961,-0.9137029647827148,-1.8994128406507116
135,-4.524828910827637,-0.7154857516288757,-1.619261782134572
136,-4.527181625366211,-0.509541392326355,-1.456372615737564
137,-4.450850486755371,-0.3012029528617859,-1.5210549474847994
138,-4.282257080078125,-0.1053541898727417,-1.7771675112355751
139,-4.249384880065918,0.10342705249786377,-1.8494143164912202
140,-4.425931930541992,0.29934895038604736,-1.5995163240322654
141,-4.519111633300781,0.5067648887634277,-1.5086615319269185
142,-4.524282455444336,0.7137395143508911,-1.650998002558481
143,-4.493165016174316,0.9137780666351318,-1.9107740348426887
144,-4.456697463989258,1.113912582397461,-2.171087903703892
145,-4.43443489074707,1.318256139755249,-2.373271004866183
146,-4.4101057052612305,1.5219850540161133,-2.5842439199609544
147,-4.377626419067383,1.7226529121398926,-2.8366679097007363
148,-3.5717639923095703,-1.7310223579406738,-2.56998690549176
149,-3.6160402297973633,-1.5333306789398193,-2.2779068827526316
150,-3.643756866455078,-1.3294994831085205,-2.0626679676629465
151,-3.653841018676758,-1.1227307319641113,-1.900388091894456
152,-3.667470932006836,-0.9170958995819092,-1.7206502532676495
153,-3.697368621826172,-0.7174639701843262,-1.458145448691539
154,-3.7180252075195312,-0.5170571804046631,-1.2112195585377776
155,-3.6901426315307617,-0.3085193634033203,-1.1509751027472248
156,-3.579305648803711,-0.10478031635284424,-1.3124545000196122
157,-3.5516958236694336,0.10360467433929443,-1.3771059327175408
158,-3.672086715698242,0.3068629503250122,-1.2167669034836308
159,-3.7150516510009766,0.5155140161514282,-1.2474680057557634
160,-3.700986862182617,0.7177407741546631,-1.4689765310688472
161,-3.6716232299804688,0.9177840948104858,-1.7262989857190405
162,-3.6564579010009766,1.123206615447998,-1.9098489945540678
163,-3.637965202331543,1.3285808563232422,-2.0978909526820644
164,-3.605069160461426,1.530898094177246,-2.333983829267936
165,-3.5599145889282227,1.7273824214935303,-2.6383240154148098
166,-2.7331581115722656,-1.721287727355957,-2.511533628965708
167,-2.785675048828125,-1.5329532623291016,-2.1323984315906728
168,-2.832712173461914,-1.3353759050369263,-1.8364598900693636
169,-2.8608341217041016,-1.1314306259155273,-1.620623271494651
170,-2.8688125610351562,-0.9246207475662231,-1.4585210652596743
171,-2.8760499954223633,-0.7193042039871216,-1.276638639491921
172,-2.892979621887207,-0.5186986923217773,-1.0324038634137196
173,-2.8920116424560547,-0.31358903646469116,-0.872245400499196
174,-2.84906005859375,-0.10509705543518066,-0.8925769749430401
175,-2.8314504623413086,0.10381531715393066,-0.9393224085677048
176,-2.8811845779418945,0.3122349977493286,-0.9215728359315563
177,-2.893758773803711,0.5184868574142456,-1.0541249294810768
178,-2.880626678466797,0.7202039957046509,-1.2826417454150487
179,-2.8717145919799805,0.9253154993057251,-1.4679172730348
180,-2.8566884994506836,1.1311755180358887,-1.6488379658928807
181,-2.822636604309082,1.3336856365203857,-1.8857313209748554
182,-2.7725210189819336,1.5295319557189941,-2.200150390767476
183,-2.7211084365844727,1.7163159847259521,-2.592384853857993
184,-1.924393653869629,-1.6834425926208496,-2.6964422303749416
185,-1.9497919082641602,-1.510565996170044,-2.2069559063772886
186,-1.993453025817871,-1.326565146446228,-1.7889593609272652
187,-2.0374279022216797,-1.132216453552246,-1.4555644124791343
188,-2.0673904418945312,-0.9299464225769043,-1.210681721960782
189,-2.0743227005004883,-0.723792552947998,-1.0301617511483983
190,-2.071674346923828,-0.5182828903198242,-0.8478032869022627
191,-2.075364112854004,-0.3136608600616455,-0.6551535080463964
192,-2.0836267471313477,-0.10467147827148438,-0.5396016851873355
193,-2.0644912719726562,0.10565388202667236,-0.5885583320280148
194,-2.0708436965942383,0.31376969814300537,-0.6868037904894209
195,-2.0754690170288086,0.5190337896347046,-0.8584074543862243
196,-2.0738468170166016,0.7236077785491943,-1.0533476252719538
197,-2.0635852813720703,0.929090142250061,-1.2433584321979652
198,-2.02907657623291,1.1300849914550781,-1.504706453615654
199,-1.9825010299682617,1.322852373123169,-1.853256420153457
200,-1.9365463256835938,1.506420373916626,-2.273375344052738
201,-1.911041259765625,1.6785473823547363,-2.7646074643362226
202,-1.1774892807006836,-1.6252509355545044,-3.0094032512783997
203,-1.1728878021240234,-1.4623603820800781,-2.4717723460796606
204,-1.1813697814941406,-1.2927477359771729,-1.966056296433635
205,-1.2035675048828125,-1.1134792566299438,-1.515679478500715
206,-1.2333564758300781,-0.9232768416404724,-1.1463315549935942
207,-1.2539663314819336,-0.7238644361495972,-0.8678529075211827
208,-1.2554311752319336,-0.5202221870422363,-0.6470125741493575
209,-1.260223388671875,-0.3173635005950928,-0.41762865364421486
210,-1.2842540740966797,-0.10749638080596924,-0.2556490780111744
211,-1.2739639282226562,0.10815000534057617,-0.2784013998491446
212,-1.2628774642944336,0.3156639337539673,-0.4416970818635946
213,-1.2544708251953125,0.517882227897644,-0.6853766406495652
214,-1.2499885559082031,0.7209790945053101,-0.9131876064259359
215,-1.2290925979614258,0.918664813041687,-1.2089658591289663
216,-1.1996278762817383,1.106597661972046,-1.5961589492060284
217,-1.175124168395996,1.2864367961883545,-2.042072785704704
218,-1.153635025024414,1.4599058628082275,-2.5251591441146957
219,-1.1285314559936523,1.6320247650146484,-3.0130667198118317
220,-0.46515464782714844,-1.5588998794555664,-3.3732270041266474
221,-0.4385185241699219,-1.4027035236358643,-2.807131315349352
222,-0.4244499206542969,-1.2406647205352783,-2.2697852607614095
223,-0.41914939880371094,-1.0713889598846436,-1.7688730476872934
224,-0.41764354705810547,-0.8956972360610962,-1.3035420554851953
225,-0.42021942138671875,-0.7126356363296509,-0.8865825593775298
226,-0.42005252838134766,-0.5201262831687927,-0.5422425883077722
227,-0.4315938949584961,-0.32082831859588623,-0.25189291232982214
228,-0.43946170806884766,-0.10990172624588013,-0.08014247794881157
229,-0.44429969787597656,0.11062777042388916,-0.0845822850960758
230,-0.4340953826904297,0.3185093402862549,-0.27390558817501187
231,-0.42307281494140625,0.5174024105072021,-0.5734776647757371
232,-0.41602325439453125,0.7090996503829956,-0.92586201021345
233,-0.4159660339355469,0.8885217905044556,-1.368481235579793
234,-0.41582775115966797,1.0623080730438232,-1.8451850091173583
235,-0.4128379821777344,1.2342960834503174,-2.3330105092147733
236,-0.40273189544677734,1.40399169921875,-2.834467318032921
237,-0.37300968170166016,1.577087163925171,-3.317603887398036
238,0.372833251953125,-1.5766760110855103,-3.320072914556704
239,0.40220069885253906,-1.4037035703659058,-2.8360653782392546
240,0.41224098205566406,-1.2341259717941284,-2.3339394118845576
241,0.41539955139160156,-1.0622295141220093,-1.8455615912807843
242,0.41576576232910156,-0.8884797096252441,-1.3685681391559683
243,0.4159832000732422,-0.7091636657714844,-0.9252768594672034
244,0.4232196807861328,-0.5174278020858765,-0.5733357222679842
245,0.4344367980957031,-0.3185228109359741,-0.27394228079606364
246,0.44487762451171875,-0.11063277721405029,-0.08457069795258576
247,0.4399986267089844,0.10989844799041748,-0.08036070248454052
248,0.43198394775390625,0.32082533836364746,-0.2520367860281567
249,0.42023658752441406,0.5200945138931274,-0.5427727001224412
250,0.4202594757080078,0.712578535079956,-0.8872748912010593
251,0.4175281524658203,0.8956810235977173,-1.303950502293219
252,0.4186668395996094,1.0715100765228271,-1.7683033464657
253,0.42385292053222656,1.2408363819122314,-2.2688679452351153
254,0.43804168701171875,1.4026727676391602,-2.8072114597584914
255,0.4645652770996094,1.5587430000305176,-3.3738922992820335
256,1.127197265625,-1.6320428848266602,-3.0135862100783015
257,1.152566909790039,-1.4598422050476074,-2.52608804678448
258,1.1743030548095703,-1.286402940750122,-2.0427882918152136
259,1.1990737915039062,-1.106626033782959,-1.5964157975533908
260,1.2288017272949219,-0.9187408685684204,-1.2088055703106875
261,1.2499275207519531,-0.7210235595703125,-0.9133372736960155
262,1.2545795440673828,-0.517925500869751,-0.685512789585573
263,1.2632255554199219,-0.31569725275039673,-0.4418631642536184
264,1.2744789123535156,-0.10817468166351318,-0.2786534202200528
265,1.284749984741211,0.10748231410980225,-0.25602179779343714
266,1.2605705261230469,0.3173692226409912,-0.4179289537796649
267,1.2555904388427734,0.5202229022979736,-0.647516614891174
268,1.2539520263671875,0.7238523960113525,-0.8686495236361225
269,1.2332534790039062,0.923292875289917,-1.1468771163329166
270,1.2034034729003906,1.1135218143463135,-1.5160280584007069
271,1.1811408996582031,1.2928595542907715,-1.96607367714887
272,1.1728744506835938,1.4623019695281982,-2.472841260066616
273,1.1788673400878906,1.6247339248657227,-3.012853323252557
274,1.910247802734375,-1.678650140762329,-2.76631367121513
275,1.9355506896972656,-1.506450891494751,-2.274719452697582
276,1.9816360473632812,-1.3228951692581177,-1.8540964880564843
277,2.028505325317383,-1.1301720142364502,-1.5049739235112156
278,2.063291549682617,-0.929193913936615,-1.2433391202921484
279,2.0737571716308594,-0.7236967086791992,-1.0534297008716749
280,2.075498580932617,-0.5190922617912292,-0.8588303851236105
281,2.0710506439208984,-0.31380653381347656,-0.6874169434991018
282,2.0650596618652344,-0.10568803548812866,-0.5888151803753772
283,2.0839996337890625,0.10465371608734131,-0.5404552714244346
284,2.075593948364258,0.31366121768951416,-0.6559887479729696
285,2.0718307495117188,0.518310546875,-0.8482957405005891
286,2.074373245239258,0.7238342761993408,-1.0305441268835693
287,2.06732177734375,0.929993748664856,-1.2110438201948455
288,2.0372753143310547,1.1322646141052246,-1.4559438914284328
289,1.9932937622070312,1.3266162872314453,-1.7892876633261494
290,1.9496040344238281,1.5105574131011963,-2.207682999631288
291,1.9240570068359375,1.683440923690796,-2.6970785576716025
292,2.7201271057128906,-1.716489553451538,-2.5911759285538665
293,2.771493911743164,-1.529538631439209,-2.200915142237818
294,2.8218212127685547,-1.3337607383728027,-1.8862015658814926
295,2.856180191040039,-1.131298303604126,-1.6488939704197492
296,2.8714427947998047,-0.9254509806632996,-1.4678834771996208
297,2.880464553833008,-0.7203181982040405,-1.2829439767410804
298,2.8936939239501953,-0.5185650587081909,-1.0548500915444947
299,2.881298065185547,-0.3122979998588562,-0.922487254671978
300,2.8317699432373047,-0.10386580228805542,-0.9403275932654651
301,2.8491764068603516,0.10506546497344971,-0.8940408174039476
302,2.8921165466308594,0.31356680393218994,-0.8735730940240956
303,2.893068313598633,0.5187139511108398,-1.0331270942865558
304,2.876148223876953,0.719365119934082,-1.2768414145029965
305,2.868825912475586,0.924689769744873,-1.4586543174098097
306,2.8607521057128906,1.1315016746520996,-1.620770041978858
307,2.832548141479492,1.335442304611206,-1.8366887361532918
308,2.785398483276367,1.5330078601837158,-2.132820396732768
309,2.7327518463134766,1.7213680744171143,-2.5118310323152855
310,3.558664321899414,-1.7274863719940186,-2.6390269687865384
311,3.603984832763672,-1.531017780303955,-2.3346278813269237
312,3.6371994018554688,-1.3287428617477417,-2.098121729956574
313,3.655963897705078,-1.1233837604522705,-1.9098982399139004
314,3.6712722778320312,-0.9179550409317017,-1.7265181758500603
315,3.7007808685302734,-0.717900276184082,-1.4693801499004167
316,3.714935302734375,-0.5156464576721191,-1.2482626906801215
317,3.6721572875976562,-0.3069872260093689,-1.2177392579415027
318,3.552408218383789,-0.1036791205406189,-1.3775559001230704
319,3.5796470642089844,0.10473620891571045,-1.3135436915076752
320,3.690183639526367,0.3085066080093384,-1.152558679024196
321,3.71807861328125,0.5170637369155884,-1.212118527753546
322,3.6974315643310547,0.7175105810165405,-1.458563551452471
323,3.6675338745117188,0.9171733856201172,-1.7206966018416097
324,3.653806686401367,1.1228091716766357,-1.9004749954706313
325,3.6436634063720703,1.3295834064483643,-2.0626689332582373
326,3.615795135498047,1.5334022045135498,-2.278040134902767
327,3.5714187622070312,1.7311055660247803,-2.569980146324724
328,4.376424789428711,-1.7228797674179077,-2.8368977213799553
329,4.409095764160156,-1.522207260131836,-2.58451621783297
330,4.4337005615234375,-1.3184902667999268,-2.373400394635155
331,4.456188201904297,-1.114148497581482,-2.1712240526399
332,4.492841720581055,-0.9140182137489319,-1.9108850783011349
333,4.524087905883789,-0.7139736413955688,-1.6512403669764808
334,4.51909065246582,-0.5069966316223145,-1.5090468044479621
335,4.426349639892578,-0.2995695471763611,-1.5997393765444485
336,4.250921249389648,-0.10351914167404175,-1.8486254251386072
337,4.283174514770508,0.10528409481048584,-1.7772640707646588
338,4.451168060302734,0.30123424530029297,-1.5221045495659382
339,4.527276992797852,0.5095791816711426,-1.457044670059986
340,4.5249176025390625,0.7155487537384033,-1.6195118713148986
341,4.49029541015625,0.913772702217102,-1.8996127188759147
342,4.455564498901367,1.1141397953033447,-2.1563838186150406
343,4.4363250732421875,1.3191163539886475,-2.34778991073631
344,4.417325973510742,1.524075984954834,-2.5389294985573088
345,4.385637283325195,1.7253696918487549,-2.783293664404482
346,5.193321228027344,-1.7176655530929565,-3.039763498412867
347,5.213954925537109,-1.5135046243667603,-2.834596707801893
348,5.237833023071289,-1.3095307350158691,-2.625294272560268
349,5.273582458496094,-1.1085054874420166,-2.3734312936844617
350,5.314477920532227,-0.9093594551086426,-2.09844037640255
351,5.334442138671875,-0.7054704427719116,-1.8871864730781454
352,5.291316986083984,-0.49543124437332153,-1.8549684206041093
353,5.148088455200195,-0.29336845874786377,-2.041614127941557
354,4.941131591796875,-0.10270607471466064,-2.3325508858563353
355,4.96099853515625,0.10666322708129883,-2.2770195006803533
356,5.168218612670898,0.2959061861038208,-1.9730269288381805
357,5.30436897277832,0.4986530542373657,-1.7915239820197257
358,5.340843200683594,0.7085093259811401,-1.8349545270109502
359,5.317665100097656,0.9113099575042725,-2.060596765764103
360,5.275707244873047,1.1093792915344238,-2.346789554015004
361,5.241855621337891,1.3106906414031982,-2.5942735582468686
362,5.219411849975586,1.51499342918396,-2.7975815779229833
363,5.198633193969727,1.719163179397583,-3.00187353920046
364,6.022060394287109,-1.7153217792510986,-3.1876714538725537
365,6.0331573486328125,-1.5083622932434082,-3.0317451951177645
366,6.053842544555664,-1.30357825756073,-2.834283854927662
367,6.088733673095703,-1.1024013757705688,-2.583675184334652
368,6.124141693115234,-0.9011574983596802,-2.3332982566114424
369,6.118494033813477,-0.6930005550384521,-2.199972721233962
370,6.026517868041992,-0.48399680852890015,-2.2734130022690806
371,5.8427886962890625,-0.2879931926727295,-2.523279130083438
372,5.62065315246582,-0.10014253854751587,-2.832358457917735
373,5.610361099243164,0.110107421875,-2.8129113687602967
374,5.845752716064453,0.29424917697906494,-2.4803014492836155
375,6.039676666259766,0.48798561096191406,-2.210668620270553
376,6.131277084350586,0.6967767477035522,-2.130636220184897
377,6.133289337158203,0.9044171571731567,-2.274841117704227
378,6.0957794189453125,1.1046969890594482,-2.536959684164003
379,6.059226989746094,1.3051156997680664,-2.7969085580052706
380,6.037809371948242,1.5096769332885742,-2.9979194264844864
381,6.02562141418457,1.7163383960723877,-3.159708779845232
382,6.858009338378906,-1.7146047353744507,-3.287818169461616
383,6.861000061035156,-1.505615472793579,-3.1875662039858526
384,6.870532989501953,-1.2984412908554077,-3.039257526480469
385,6.891618728637695,-1.0942615270614624,-2.8355362320198765
386,6.910514831542969,-0.8898720741271973,-2.636697952945042
387,6.866157531738281,-0.6801754236221313,-2.5912145523655
388,6.714557647705078,-0.47782260179519653,-2.7653809061641823
389,6.530118942260742,-0.2820661664009094,-3.0128098714644693
390,6.313009262084961,-0.09278351068496704,-3.3148094546263565
391,6.237270355224609,0.1164778470993042,-3.376786188368669
392,6.494230270385742,0.2964721918106079,-3.0220100633955553
393,6.730539321899414,0.48211991786956787,-2.7009013494280225
394,6.885530471801758,0.683693528175354,-2.5079155434109452
395,6.924503326416016,0.8933590650558472,-2.5658531920516907
396,6.901079177856445,1.0967974662780762,-2.780855536295121
397,6.875940322875977,1.2999486923217773,-3.000878010455608
398,6.864471435546875,1.506659984588623,-3.1594770369754315
399,6.860561370849609,1.7153875827789307,-3.268368183518305
0,-7.524571418762207,-1.8812626600265503,-3.8900502964031602
1,7.524988174438477,-1.8817193508148193,-3.8912041827757093
2,-7.526775360107422,1.8810808658599854,-3.8913036390906655
3,7.524351119995117,1.881420373916626,-3.8897297187666027
4,-7.5301055908203125,1.6712126731872559,-3.8224006903271857
5,-7.529404640197754,1.4619526863098145,-3.7245501603397315
6,-7.537127494812012,1.2548322677612305,-3.569434036033954
7,-7.554121971130371,1.050236701965332,-3.3693105496270164
8,-7.550874710083008,0.8436055183410645,-3.2091231188537677
9,-7.443593978881836,0.6353340148925781,-3.2580170020005426
10,-7.122920036315918,0.46477174758911133,-3.6377421780982786
11,-6.948517799377441,0.265566349029541,-3.851418760007391
12,-6.703671455383301,0.077056884765625,-4.138927654639701
13,-6.5551910400390625,-0.1273593306541443,-4.279588817441663
14,-6.894810676574707,-0.2919032573699951,-3.8728395259392983
15,-7.130612373352051,-0.4805862307548523,-3.5762511387872564
16,-7.475744247436523,-0.640889585018158,-3.1474717907244667
17,-7.585089683532715,-0.8491086959838867,-3.093092360730452
18,-7.573064804077148,-1.0537610054016113,-3.29184180503853
19,-7.547350883483887,-1.256685733795166,-3.5187055218345904
20,-7.53367805480957,-1.4629106521606445,-3.6933034967282765
21,-7.529718399047852,-1.671724557876587,-3.806382430047506
22,-6.686397552490234,-1.8825573921203613,-3.80660644815498
23,-5.851069450378418,-1.8835387229919434,-3.694076938556236
24,-5.025914192199707,-1.8869028091430664,-3.5206965793242944
25,-4.213787078857422,-1.893242597579956,-3.295358503087755
26,-3.3949708938598633,-1.8962013721466064,-3.0973313240572224
27,-2.561934471130371,-1.8688786029815674,-3.1496945910839713
28,-1.9166259765625,-1.7830314636230469,-3.5735889925704214
29,-1.1629810333251953,-1.7233028411865234,-3.8703627740183038
30,-0.5072755813598633,-1.6374397277832031,-4.277930890327298
31,0.31121826171875,-1.674170970916748,-4.140683106878441
32,1.0637550354003906,-1.736072301864624,-3.85160222311265
33,1.8594627380371094,-1.780465841293335,-3.636343996117148
34,2.542247772216797,-1.8606646060943604,-3.2577389105567818
35,3.375215530395508,-1.8876972198486328,-3.2085582456086286
36,4.201574325561523,-1.888463020324707,-3.3696040905954305
37,5.019937515258789,-1.8842172622680664,-3.5698260677220333
38,5.848459243774414,-1.8823035955429077,-3.7247085179674286
39,6.685508728027344,-1.8825054168701172,-3.8223485481814805
40,7.528703689575195,-1.6718556880950928,-3.8221718442432575
41,7.528415679931641,-1.4626078605651855,-3.724152335079907
42,7.53660774230957,-1.2555158138275146,-3.5686692845636117
43,7.554155349731445,-1.050963282585144,-3.368140248134523
44,7.551769256591797,-0.8443701267242432,-3.2075096091227806
45,7.443107604980469,-0.6361780166625977,-3.258044038668686
46,7.12153434753418,-0.46591293811798096,-3.6391210481735925
47,6.947439193725586,-0.2667522430419922,-3.8538839247848955
48,6.7045745849609375,-0.07792520523071289,-4.139744548255749
49,6.559379577636719,0.126800537109375,-4.2771014439724695
50,6.8900909423828125,0.2938793897628784,-3.8799530664468875
51,7.131633758544922,0.4814450740814209,-3.5765157118969455
52,7.4772186279296875,0.6411916017532349,-3.1446648052140063
53,7.586332321166992,0.8494217395782471,-3.089942588891745
54,7.573692321777344,1.05399751663208,-3.2900129675576864
55,7.547664642333984,1.256875991821289,-3.5175873624878022
56,7.533769607543945,1.463080644607544,-3.6926024745471295
57,7.529590606689453,1.6718859672546387,-3.80594791216663
58,6.686187744140625,1.8827118873596191,-3.806177723845849
59,5.850881576538086,1.8837196826934814,-3.6934155057820135
60,5.0257568359375,1.8871004581451416,-3.519803403680271
61,4.213651657104492,1.8934540748596191,-3.294284761124345
62,3.3949813842773438,1.896493911743164,-3.095524695268068
63,2.5619125366210938,1.8692045211791992,-3.1482104711219563
64,1.9143180847167969,1.7839796543121338,-3.5706197870511005
65,1.1638507843017578,1.7230985164642334,-3.8718024765969403
66,0.5053215026855469,1.6378562450408936,-4.276816593361673
67,-0.3144235610961914,1.6737244129180908,-4.143212000945141
68,-1.065526008605957,1.7359967231750488,-3.851654365258355
69,-1.8618688583374023,1.7799720764160156,-3.6373723551018884
70,-2.543668746948242,1.860464096069336,-3.25796775664071
71,-3.376767158508301,1.8873364925384521,-3.2097536525786836
72,-4.203313827514648,1.8881614208221436,-3.3698116935829603
73,-5.021723747253418,1.8838636875152588,-3.5698366892702325
74,-5.850236892700195,1.881864309310913,-3.724812802258839
75,-6.687294960021973,1.8819739818572998,-3.822515596166795
76,-6.701058387756348,-1.675400733947754,-3.6568986230731753
77,-6.718798637390137,-1.4695628881454468,-3.479221364797013
78,-6.752671241760254,-1.2676043510437012,-3.2408525801106407
79,-6.805022239685059,-1.0702046155929565,-2.949265010969839
80,-6.837738990783691,-0.8684200644493103,-2.7080583417236994
81,-6.777033805847168,-0.6585934162139893,-2.6778757641227457
82,-6.553513526916504,-0.4676160216331482,-2.9574117384386227
83,-6.244320869445801,-0.2951011657714844,-3.331839658770832
84,-5.9404802322387695,-0.12095427513122559,-3.6984105302215085
85,-6.019028663635254,0.08824014663696289,-3.6440040635593505
86,-6.287374496459961,0.27143752574920654,-3.323905362266032
87,-6.545452117919922,0.4569505453109741,-3.017918836148283
88,-6.74923038482666,0.652725100517273,-2.781274604651344
89,-6.814515113830566,0.8625339269638062,-2.8027388223713388
90,-6.789429664611816,1.0660600662231445,-3.0187473169078203
91,-6.7431135177612305,1.2652506828308105,-3.289549481818085
92,-6.713303565979004,1.4679949283599854,-3.5158068047715005
93,-6.69957160949707,1.6743435859680176,-3.682905001041263
94,-5.877593994140625,-1.6798309087753296,-3.479791066018606
95,-5.908339500427246,-1.4772566556930542,-3.2489230255514485
96,-5.952413558959961,-1.277778148651123,-2.979191705818721
97,-6.0120954513549805,-1.0824881792068481,-2.666282827060968
98,-6.060001373291016,-0.8840677738189697,-2.3851642420634107
99,-6.044046401977539,-0.675736665725708,-2.2648385160864564
100,-5.8968048095703125,-0.4721602201461792,-2.422923845911555
101,-5.628361701965332,-0.2900622487068176,-2.75166945303431
102,-5.333907127380371,-0.11422562599182129,-3.110050145228115
103,-5.3541364669799805,0.09608626365661621,-3.122260097680737
104,-5.632656097412109,0.2766425609588623,-2.7887270691060166
105,-5.87923526763916,0.4644230604171753,-2.496373782899582
106,-6.019282341003418,0.6694518327713013,-2.361779455309943
107,-6.044031143188477,0.8784933090209961,-2.462799069041921
108,-6.002907752990723,1.0791192054748535,-2.718422075980243
109,-5.94602108001709,1.2756736278533936,-3.0185097804662746
110,-5.902996063232422,1.4752728939056396,-3.2862249372317365
111,-5.874140739440918,1.6778388023376465,-3.5160202013307753
112,-5.069440841674805,-1.6882519721984863,-3.242571339728329
113,-5.11008358001709,-1.4882464408874512,-2.9802007528976446
114,-5.149779319763184,-1.28766667842865,-2.725366637311936
115,-5.201284408569336,-1.0899536609649658,-2.438979764407577
116,-5.256452560424805,-0.8942447900772095,-2.1314164211798925
117,-5.281435966491699,-0.6912227272987366,-1.909718639189805
118,-5.2109785079956055,-0.4815293550491333,-1.9270597650179297
119,-5.002514839172363,-0.28753334283828735,-2.181078918178173
120,-4.720061302185059,-0.10944002866744995,-2.530506610835346
121,-4.702399253845215,0.10043740272521973,-2.583899202442126
122,-4.977771759033203,0.2814929485321045,-2.253007076987842
123,-5.1860198974609375,0.47649621963500977,-2.011904692033113
124,-5.266241073608398,0.6860239505767822,-1.986259446703798
125,-5.251643180847168,0.8911751508712769,-2.176595659242821
126,-5.201024055480957,1.0891003608703613,-2.4613777127738103
127,-5.147805213928223,1.2865526676177979,-2.75104567847643
128,-5.104608535766602,1.4861092567443848,-3.0185513010637806
129,-5.063142776489258,1.685361623764038,-3.289885508979296
130,-4.279449462890625,-1.701289415359497,-2.9521704871999646
131,-4.328465461730957,-1.5031321048736572,-2.6683945839620264
132,-4.358530044555664,-1.3005012273788452,-2.4400679903003493
133,-4.388648986816406,-1.0974130630493164,-2.219256624787249
134,-4.435816764831543,-0.8989245891571045,-1.9407480438608218
135,-4.483456611633301,-0.7023364305496216,-1.6414492307274031
136,-4.482113838195801,-0.4949740171432495,-1.4996370783387647
137,-4.349943161010742,-0.29006171226501465,-1.6398811039750854
138,-4.099069595336914,-0.10577267408370972,-1.9601101606326665
139,-4.057765007019043,0.10319125652313232,-2.0387781745723714
140,-4.314434051513672,0.28793513774871826,-1.7267170884799725
141,-4.466457366943359,0.49120116233825684,-1.5680997156496232
142,-4.482195854187012,0.6997842788696289,-1.679217524933165
143,-4.44157600402832,0.8994773626327515,-1.9451501927917434
144,-4.394527435302734,1.0983178615570068,-2.2199132295850177
145,-4.358307838439941,1.3000028133392334,-2.46062647963754
146,-4.318655014038086,1.500460147857666,-2.717890998570283
147,-4.266493797302246,1.6970324516296387,-3.0188390484604497
148,-3.4724159240722656,-1.7095344066619873,-2.7109976137890044
149,-3.5346508026123047,-1.5151309967041016,-2.3875734023140467
150,-3.5755319595336914,-1.3142974376678467,-2.1329642704311027
151,-3.5944604873657227,-1.1091814041137695,-1.9414432724702237
152,-3.617706298828125,-0.9046932458877563,-1.7401881083824264
153,-3.662907600402832,-0.7069739103317261,-1.4520959941944511
154,-3.7017478942871094,-0.5081616640090942,-1.177956731959057
155,-3.656808853149414,-0.2984926104545593,-1.1515892213521965
156,-3.467097282409668,-0.1035689115524292,-1.4022239630180593
157,-3.416934013366699,0.10456991195678711,-1.490995000485782
158,-3.6296424865722656,0.29706597328186035,-1.2276781302700783
159,-3.7011327743530273,0.5064020156860352,-1.2102877590821208
160,-3.672530174255371,0.7082774639129639,-1.4468064631912512
161,-3.6279516220092773,0.9067631959915161,-1.7269710400414624
162,-3.59981632232666,1.1102993488311768,-1.9433928093624218
163,-3.5672149658203125,1.3128666877746582,-2.174270505782488
164,-3.5166330337524414,1.5109360218048096,-2.4608997431048465
165,-3.4526519775390625,1.7034375667572021,-2.80196634613867
166,-2.63311767578125,-1.6942939758300781,-2.679465133971462
167,-2.7016420364379883,-1.511276364326477,-2.264581667739094
168,-2.7639522552490234,-1.320641040802002,-1.9095264857269285
169,-2.808407783508301,-1.1211364269256592,-1.6414308844168772
170,-2.827077865600586,-0.9160328507423401,-1.4514915315423877
171,-2.8438720703125,-0.7112390995025635,-1.2593815204540988
172,-2.8839235305786133,-0.5139647722244263,-0.9706221799201558
173,-2.895968437194824,-0.30985623598098755,-0.7804703960816823
174,-2.811774253845215,-0.10298627614974976,-0.8709737115011649
175,-2.7725658416748047,0.1046973466873169,-0.9486297815760736
176,-2.888669967651367,0.3091714382171631,-0.8188267378195633
177,-2.8928442001342773,0.5153379440307617,-0.9656599857205492
178,-2.858199119567871,0.7143950462341309,-1.2340694055001222
179,-2.834641456604004,0.9181022644042969,-1.4451919878649733
180,-2.8019161224365234,1.1207244396209717,-1.6749795272016854
181,-2.747185707092285,1.3167953491210938,-1.9815550664468446
182,-2.680644989013672,1.5049078464508057,-2.3583496608368932
183,-2.613431930541992,1.6871495246887207,-2.77959543444058
184,-1.8674201965332031,-1.6386542320251465,-2.9548934659201223
185,-1.8864002227783203,-1.4748036861419678,-2.418653983535478
186,-1.9249582290649414,-1.3034603595733643,-1.922086949270124
187,-1.9796180725097656,-1.121062994003296,-1.4958432544410698
188,-2.03269100189209,-0.9258636236190796,-1.175005872750262
189,-2.0561351776123047,-0.7214343547821045,-0.9669142940033453
190,-2.0604286193847656,-0.5153704881668091,-0.7964114087380949
191,-2.073105812072754,-0.31196463108062744,-0.5908419648908421
192,-2.074369430541992,-0.10478591918945312,-0.4648230890791183
193,-2.062307357788086,0.10506653785705566,-0.49890087808330463
194,-2.0742692947387695,0.3129091262817383,-0.6009845778257841
195,-2.072469711303711,0.5181044340133667,-0.7753208763956536
196,-2.0619935989379883,0.7231476306915283,-0.9658540703740073
197,-2.028409004211426,0.9256452322006226,-1.2045221896005387
198,-1.9679841995239258,1.117154598236084,-1.5607467075099066
199,-1.909031867980957,1.2968065738677979,-2.0061642280290926
200,-1.860687255859375,1.469712734222412,-2.492990337000492
201,-1.8306913375854492,1.635915756225586,-3.0163738836829452
202,-1.175551414489746,-1.5613844394683838,-3.325957252259059
203,-1.1559391021728516,-1.407947301864624,-2.7433865766295185
204,-1.146749496459961,-1.2519007921218872,-2.17085422964351
205,-1.1585197448730469,-1.0887099504470825,-1.6297278694919441
206,-1.1941661834716797,-0.9150487184524536,-1.143505257577317
207,-1.2403411865234375,-0.7245372533798218,-0.7743697650341801
208,-1.2490558624267578,-0.5189518332481384,-0.5820280110760905
209,-1.2506675720214844,-0.3128669261932373,-0.4011816690554042
210,-1.2646903991699219,-0.10441654920578003,-0.23197461267045583
211,-1.2578496932983398,0.10667872428894043,-0.25111464252540827
212,-1.2540512084960938,0.3135814666748047,-0.4105295970659881
213,-1.251357078552246,0.5186039209365845,-0.6017705723925246
214,-1.2390975952148438,0.7228550910949707,-0.809752073276286
215,-1.1908817291259766,0.9083929061889648,-1.2166433072864038
216,-1.1550683975219727,1.0789754390716553,-1.7192675208111723
217,-1.1301450729370117,1.244178295135498,-2.2489110217641155
218,-1.1111421585083008,1.407409429550171,-2.787105834612703
219,-1.0903100967407227,1.570728063583374,-3.324123586801761
220,-0.4810361862182617,-1.4845432043075562,-3.6934753726900453
221,-0.4530515670776367,-1.3339303731918335,-3.101092317715029
222,-0.43344879150390625,-1.1813278198242188,-2.5182281011170744
223,-0.4192514419555664,-1.0265144109725952,-1.9464093290509936
224,-0.41163158416748047,-0.8687723875045776,-1.3880499897438767
225,-0.4129037857055664,-0.7037969827651978,-0.8636245657426116
226,-0.4188213348388672,-0.5183920860290527,-0.46684311442754733
227,-0.41750335693359375,-0.31627899408340454,-0.22905175572509506
228,-0.42995262145996094,-0.10759413242340088,-0.080528716065146
229,-0.42789268493652344,0.10696554183959961,-0.09255423981721833
230,-0.4270954132080078,0.31466352939605713,-0.24876534918280413
231,-0.4213724136352539,0.5166131258010864,-0.48705881743649115
232,-0.4190502166748047,0.6954253911972046,-0.9290059884804123
233,-0.42069435119628906,0.8551098108291626,-1.478766701722634
234,-0.4162445068359375,1.014542579650879,-2.030663311748185
235,-0.4059867858886719,1.1750946044921875,-2.578993012769388
236,-0.3888683319091797,1.3375768661499023,-3.119793001712651
237,-0.3573188781738281,1.5034856796264648,-3.643065504936658
238,0.3563365936279297,-1.503286600112915,-3.6442155289280436
239,0.38817787170410156,-1.3373260498046875,-3.1210627595201004
240,0.40531158447265625,-1.1748929023742676,-2.579946055321443
241,0.4156837463378906,-1.014404058456421,-2.031282258329611
242,0.420379638671875,-0.8550131320953369,-1.4791548710295501
243,0.41889381408691406,-0.6955055594444275,-0.9285444339313926
244,0.42148590087890625,-0.5166592597961426,-0.4868251433761088
245,0.4273643493652344,-0.3146985173225403,-0.24870934465593564
246,0.42839622497558594,-0.1069912314414978,-0.09255810219838168
247,0.4304351806640625,0.10757255554199219,-0.08067934893051643
248,0.417816162109375,0.31625282764434814,-0.22922749406802723
249,0.4189300537109375,0.5183438062667847,-0.46734908635994543
250,0.41278648376464844,0.7037256956100464,-0.8642956544697427
251,0.41144371032714844,0.8687478303909302,-1.3884999571494063
252,0.41872596740722656,1.0266430377960205,-1.9461669646329938
253,0.43288421630859375,1.1814115047454834,-2.51821168599713
254,0.45240211486816406,1.3339920043945312,-3.1012535721285985
255,0.4799995422363281,1.4847218990325928,-3.6932513545825714
256,1.0889968872070312,-1.5706634521484375,-3.3247927443383105
257,1.1103668212890625,-1.4072248935699463,-2.788418078612949
258,1.129507064819336,-1.2440226078033447,-2.250098703971844
259,1.1545391082763672,-1.078887939453125,-1.7201365565729247
260,1.1905193328857422,-0.9083791375160217,-1.2171386576706027
261,1.2390518188476562,-0.722885012626648,-0.8099809193602141
262,1.2514419555664062,-0.5186494588851929,-0.6018835470415524
263,1.2542438507080078,-0.3136212229728699,-0.4108125164862031
264,1.258291244506836,-0.10670304298400879,-0.25158778421791794
265,1.26513671875,0.10438275337219238,-0.23242264888540376
266,1.2508792877197266,0.3128472566604614,-0.4016577075337864
267,1.2491436004638672,0.5189336538314819,-0.5824914968156918
268,1.2402305603027344,0.7244927883148193,-0.7752465255582592
269,1.1940555572509766,0.9150253534317017,-1.144183105471484
270,1.1584587097167969,1.0887200832366943,-1.6302541189254498
271,1.1466350555419922,1.2518904209136963,-2.171507937655406
272,1.1562423706054688,1.407792568206787,-2.744692061462729
273,1.176980972290039,1.5609676837921143,-3.3284021395354557
274,1.8297595977783203,-1.63578200340271,-3.0176803341114464
275,1.8598690032958984,-1.4695799350738525,-2.494352791955862
276,1.9082183837890625,-1.2967525720596313,-2.0071491352257453
277,1.9673480987548828,-1.117163062095642,-1.5614264865946552
278,2.028043746948242,-0.9256955981254578,-1.2049760193872316
279,2.0619335174560547,-0.7232246398925781,-0.9660858132438079
280,2.0724334716796875,-0.5181671977043152,-0.7759533413111512
281,2.0742263793945312,-0.31296002864837646,-0.6020167991916878
282,2.0625858306884766,-0.1051025390625,-0.5002556082763476
283,2.0745372772216797,0.10474169254302979,-0.46653605512506147
284,2.073139190673828,0.31194019317626953,-0.5920016448351362
285,2.060464859008789,0.5153765678405762,-0.7970158713901583
286,2.0561256408691406,0.7214454412460327,-0.9673381903360223
287,2.0325851440429688,0.9258652925491333,-1.1754867392050983
288,1.9795284271240234,1.1210689544677734,-1.4962159742233325
289,1.9248580932617188,1.3034238815307617,-1.9227039646609683
290,1.8864612579345703,1.4747040271759033,-2.419583851800553
291,1.867462158203125,1.6385672092437744,-2.9557209810843688
292,2.6119766235351562,-1.687247633934021,-2.7799507735076077
293,2.6794776916503906,-1.5050201416015625,-2.358609405970128
294,2.746286392211914,-1.3169124126434326,-1.9818389514623505
295,2.801321029663086,-1.1208515167236328,-1.6752566530501554
296,2.8343353271484375,-0.9182375073432922,-1.445482632047515
297,2.858003616333008,-0.7145185470581055,-1.234700904820329
298,2.892671585083008,-0.515431821346283,-0.9668129064978075
299,2.8884620666503906,-0.30928343534469604,-0.8199680714533315
300,2.773160934448242,-0.10476267337799072,-0.9498145669979294
301,2.811769485473633,0.10296869277954102,-0.8732988649614981
302,2.8959999084472656,0.3098360300064087,-0.7815663467367813
303,2.8839454650878906,0.5139845609664917,-0.9712160210240199
304,2.843839645385742,0.7112746238708496,-1.2598488685748634
305,2.8270435333251953,0.9160768985748291,-1.4517657606049852
306,2.808349609375,1.1211869716644287,-1.6415486870423592
307,2.7638168334960938,1.3206861019134521,-1.9096664970440997
308,2.7014694213867188,1.51131010055542,-2.2647969954889504
309,2.6328964233398438,1.6943066120147705,-2.679836888158434
310,3.451192855834961,-1.7036571502685547,-2.801831162797953
311,3.5154953002929688,-1.511153221130371,-2.460838910601524
312,3.5663833618164062,-1.3130805492401123,-2.1743033360223762
313,3.599273681640625,-1.1105064153671265,-1.9435724100865173
314,3.6276493072509766,-0.9069647192955017,-1.7273138263697092
315,3.6723785400390625,-0.7084792852401733,-1.44725546500149
316,3.7011241912841797,-0.5066158771514893,-1.2108130429203356
317,3.6303844451904297,-0.2973164916038513,-1.2261756639975374
318,3.418964385986328,-0.10471028089523315,-1.4906541453481168
319,3.4685230255126953,0.10351336002349854,-1.4028100793595968
320,3.6570968627929688,0.2985341548919678,-1.1520884341175588
321,3.7017669677734375,0.5082118511199951,-1.178485878178435
322,3.662832260131836,0.7070196866989136,-1.452673420178371
323,3.617685317993164,0.9047685861587524,-1.7404169544663546
324,3.5944175720214844,1.1092650890350342,-1.9415098985452914
325,3.5754737854003906,1.3143887519836426,-2.132838743043294
326,3.534524917602539,1.515221357345581,-2.387399595161696
327,3.4722061157226562,1.709632396697998,-2.710700210439427
328,4.265012741088867,-1.697313904762268,-3.0188400140557405
329,4.317478179931641,-1.5007339715957642,-2.71799142048053
330,4.357452392578125,-1.3002784252166748,-2.460736557500695
331,4.394018173217773,-1.0985946655273438,-2.220000133161193
332,4.441411972045898,-0.8997682332992554,-1.9450478396909148
333,4.482248306274414,-0.7000707387924194,-1.6790553049243044
334,4.4667816162109375,-0.4914509654045105,-1.5681151651742766
335,4.314924240112305,-0.2880910634994507,-1.726408097986905
336,4.059658050537109,-0.10320591926574707,-2.039286077695351
337,4.100275039672852,0.10570704936981201,-1.9611134141398452
338,4.349790573120117,0.2901414632797241,-1.6412831483373793
339,4.48194694519043,0.49504196643829346,-1.5005968800578557
340,4.483453750610352,0.7024369239807129,-1.6415776549010843
341,4.43585205078125,0.8990354537963867,-1.94073452552675
342,4.388666152954102,1.0975279808044434,-2.2191533060911297
343,4.358463287353516,1.3006103038787842,-2.43998784589121
344,4.328350067138672,1.5032463073730469,-2.6682159488332218
345,4.279285430908203,1.701425313949585,-2.9517523844390325
346,5.061624526977539,-1.6857028007507324,-3.2900477289881565
347,5.103427886962891,-1.486451506614685,-3.018706761905605
348,5.147014617919922,-1.286912202835083,-2.7510080202600875
349,5.20062255859375,-1.0894814729690552,-2.4611112084735396
350,5.251626968383789,-0.8915785551071167,-2.1760558914752437
351,5.266632080078125,-0.6864558458328247,-1.9851741175968982
352,5.187034606933594,-0.4769092798233032,-2.010856055547265
353,4.979461669921875,-0.28181540966033936,-2.2515664088139147
354,4.705461502075195,-0.10063111782073975,-2.582389977002549
355,4.72252082824707,0.10925817489624023,-2.5299707054489318
356,5.002786636352539,0.287744402885437,-2.1821893527626344
357,5.210905075073242,0.48173248767852783,-1.9278129293447819
358,5.281717300415039,0.6914106607437134,-1.9089297478371918
359,5.256673812866211,0.8944345712661743,-2.130601458754427
360,5.201360702514648,1.090097427368164,-2.438638909269912
361,5.149774551391602,1.287801742553711,-2.7251281352750993
362,5.109981536865234,1.4883787631988525,-2.9800182553876766
363,5.069299697875977,1.6884074211120605,-3.2421387530380343
364,5.872688293457031,-1.6782722473144531,-3.5160076485919944
365,5.901914596557617,-1.475712537765503,-3.286133205679107
366,5.945362091064453,-1.2761415243148804,-3.0181158175876135
367,6.002592086791992,-1.0795978307724,-2.717949899883024
368,6.044107437133789,-0.8789821267127991,-2.4622129527003835
369,6.019853591918945,-0.6699694991111755,-2.360341683921888
370,5.880334854125977,-0.46493422985076904,-2.4952672106962837
371,5.634256362915039,-0.2771197557449341,-2.7876272560697544
372,5.357221603393555,-0.09634900093078613,-3.12031152638383
373,5.336933135986328,0.11396622657775879,-3.1088035617076457
374,5.62799072265625,0.29054737091064453,-2.7536527857616875
375,5.89610481262207,0.47263574600219727,-2.424549908381323
376,6.044681549072266,0.6760029792785645,-2.2632665269529753
377,6.060480117797852,0.8843350410461426,-2.3835574914994595
378,6.0122833251953125,1.082679271697998,-2.665516144400044
379,5.9524383544921875,1.2779252529144287,-2.97887885294449
380,5.908287048339844,1.4774041175842285,-3.2486468652982694
381,5.877468109130859,1.6799945831298828,-3.4793584793283117
382,6.698152542114258,-1.6748743057250977,-3.682740849841821
383,6.712299346923828,-1.4685362577438354,-3.515467880824417
384,6.742563247680664,-1.2658177614212036,-3.2888639091615914
385,6.789196014404297,-1.066624402999878,-3.018108092825287
386,6.814542770385742,-0.8630698323249817,-2.802473283666359
387,6.749971389770508,-0.6532636880874634,-2.7794052121682853
388,6.545948028564453,-0.45764070749282837,-3.017617570417542
389,6.287456512451172,-0.27230507135391235,-3.324819781006454
390,6.021884918212891,-0.08858191967010498,-3.6420496986906983
391,5.94395637512207,0.12062716484069824,-3.6966550779827685
392,6.241018295288086,0.296389102935791,-3.337041320602566
393,6.551652908325195,0.4684739112854004,-2.960448535628302
394,6.777631759643555,0.6588612794876099,-2.676384884993695
395,6.838369369506836,0.8686935901641846,-2.7060962520927205
396,6.805356979370117,1.0704212188720703,-2.948075397571529
397,6.752798080444336,1.2677686214447021,-3.2402471518632865
398,6.71881103515625,1.4697179794311523,-3.478789743702009
399,6.700925827026367,1.6755542755126953,-3.6565365248391117
0,-7.3454389572143555,-1.8366305828094482,-4.428545409387198
1,7.344884872436523,-1.8369450569152832,-4.433067292134183
2,-7.346932411193848,1.836205244064331,-4.433272963931131
3,7.345298767089844,1.8368585109710693,-4.428137928174465
4,-7.3578338623046875,1.628206491470337,-4.300093233442567
5,-7.370413780212402,1.421922206878662,-4.126782397071565
6,-7.3997955322265625,1.2196307182312012,-3.890386323564371
7,-7.441459655761719,1.0202951431274414,-3.6188638245671427
8,-7.446017265319824,0.815447211265564,-3.422376770025494
9,-7.301087379455566,0.6090843677520752,-3.5065361243841835
10,-6.941980361938477,0.4451425075531006,-3.899917714680214
11,-6.648346900939941,0.2628859281539917,-4.209683580766296
12,-6.35655403137207,0.08006572723388672,-4.512535784569991
13,-6.259285926818848,-0.12827152013778687,-4.587425424136654
14,-6.612906455993652,-0.2950791120529175,-4.209799452201196
15,-6.955246925354004,-0.4646015167236328,-3.8390639682611436
16,-7.337480545043945,-0.6186327934265137,-3.4044080072583256
17,-7.489455223083496,-0.8241622447967529,-3.3006094102793213
18,-7.472923278808594,-1.027298092842102,-3.5240008464095354
19,-7.418889045715332,-1.2239220142364502,-3.824413956508579
20,-7.378366470336914,-1.4241516590118408,-4.0865383165401
21,-7.359045028686523,-1.6293457746505737,-4.278566252028668
22,-6.516214370727539,-1.8399243354797363,-4.279035531340014
23,-5.69523811340332,-1.8446497917175293,-4.087893046733143
24,-4.893850326538086,-1.854623556137085,-3.8271726622544975
25,-4.106738090515137,-1.8679416179656982,-3.528301607834919
26,-3.294142723083496,-1.8720035552978516,-3.3051139123110715
27,-2.4716529846191406,-1.834059476852417,-3.406060140800946
28,-1.85284423828125,-1.7385754585266113,-3.837047805293878
29,-1.1753244400024414,-1.6524415016174316,-4.206719203223429
30,-0.5093650817871094,-1.5633184909820557,-4.5839492810896445
31,0.3247718811035156,-1.5867056846618652,-4.513378749258891
32,1.0545291900634766,-1.660369873046875,-4.20965364731228
33,1.781707763671875,-1.7346099615097046,-3.898702995804342
34,2.436838150024414,-1.8247512578964233,-3.5055946689756183
35,3.262086868286133,-1.861255407333374,-3.421440142593383
36,4.08122444152832,-1.8601408004760742,-3.6189951455266964
37,4.878419876098633,-1.8497564792633057,-3.8910043045505063
38,5.687618255615234,-1.842514991760254,-4.127310577695653
39,6.512840270996094,-1.8395191431045532,-4.300198483329268
40,7.3563385009765625,-1.6289582252502441,-4.299629747702966
41,7.36952018737793,-1.4226925373077393,-4.125963572264936
42,7.399524688720703,-1.2204363346099854,-3.8891011162322684
43,7.441631317138672,-1.021124005317688,-3.6173381840076217
44,7.446496963500977,-0.8162689208984375,-3.4209544481620924
45,7.301258087158203,-0.6099599599838257,-3.506764004872821
46,6.940820693969727,-0.4464084506034851,-3.9015457083405636
47,6.6480865478515625,-0.2640496492385864,-4.211142595250749
48,6.3594818115234375,-0.08062911033630371,-4.51114918973235
49,6.264381408691406,0.12780070304870605,-4.584517051120656
50,6.610454559326172,0.29651689529418945,-4.213757427298333
51,6.955116271972656,0.46532952785491943,-3.840011217241454
52,7.337831497192383,0.6190322637557983,-3.4039068633023817
53,7.490114212036133,0.824509859085083,-3.2989650014990275
54,7.473476409912109,1.0276408195495605,-3.52236609358215
55,7.419229507446289,1.2242190837860107,-3.8231741321551453
56,7.378448486328125,1.4244046211242676,-4.085761012330977
57,7.358976364135742,1.629577875137329,-4.278081523192668
58,6.516090393066406,1.8401265144348145,-4.278539215360524
59,5.695171356201172,1.8448376655578613,-4.087188162170833
60,4.893836975097656,1.8548128604888916,-3.8263364567326335
61,4.106651306152344,1.868098497390747,-3.527654658990059
62,3.293985366821289,1.8721206188201904,-3.3047325021711913
63,2.4714717864990234,1.83420991897583,-3.40563721006356
64,1.8500938415527344,1.7392363548278809,-3.834680165640748
65,1.1750202178955078,1.6525216102600098,-4.20665161155307
66,0.5076065063476562,1.5637600421905518,-4.5825887573248565
67,-0.3269500732421875,1.5865347385406494,-4.513968727981592
68,-1.0564899444580078,1.6602423191070557,-4.209891183753825
69,-1.7845544815063477,1.7341997623443604,-3.8999621320635924
70,-2.4385757446289062,1.8245818614959717,-3.505874691609961
71,-3.2639827728271484,1.8609468936920166,-3.4223806324066572
72,-4.083274841308594,1.859809160232544,-3.6192433035164413
73,-4.880572319030762,1.8493831157684326,-3.890871052400371
74,-5.689740180969238,1.8420372009277344,-4.127220777333605
75,-6.514909744262695,1.8389086723327637,-4.300323045121786
76,-6.544565200805664,-1.6363372802734375,-4.063321543367238
77,-6.581735610961914,-1.435225486755371,-3.8132410533983148
78,-6.640820503234863,-1.2394368648529053,-3.504830883100567
79,-6.713979721069336,-1.0473378896713257,-3.1635112941005445
80,-6.747901916503906,-0.8467137217521667,-2.906967109254765
81,-6.660613059997559,-0.6373354196548462,-2.9030603107080424
82,-6.368045806884766,-0.45698100328445435,-3.2285557240818434
83,-5.9991350173950195,-0.2950841188430786,-3.625959018764206
84,-5.663446426391602,-0.12351125478744507,-3.984945139205365
85,-5.722566604614258,0.08630406856536865,-3.9512236548634974
86,-6.02567195892334,0.26658833026885986,-3.635761742156774
87,-6.3478851318359375,0.4420952796936035,-3.2955487253600495
88,-6.619256019592285,0.6288131475448608,-3.0129151213511705
89,-6.71121883392334,0.838054895401001,-3.0159422625879415
90,-6.6888628005981445,1.0407664775848389,-3.245328114283666
91,-6.625624656677246,1.2355718612670898,-3.5617372759706996
92,-6.573258399963379,1.4327545166015625,-3.8553680447469105
93,-6.541242599487305,1.6347734928131104,-4.093291690004207
94,-5.739861488342285,-1.6455398797988892,-3.8140608438002346
95,-5.791781425476074,-1.4481302499771118,-3.521746181405433
96,-5.858515739440918,-1.254281997680664,-3.1954251840579673
97,-5.936160087585449,-1.0635302066802979,-2.842812958131617
98,-5.989624977111816,-0.8668153285980225,-2.54444015088211
99,-5.9554243087768555,-0.6579914093017578,-2.4447743017478842
100,-5.741454124450684,-0.4613809585571289,-2.6590582430949325
101,-5.4053955078125,-0.29037004709243774,-3.0215272657501373
102,-5.071956634521484,-0.11824405193328857,-3.377493004121561
103,-5.091848373413086,0.09214341640472412,-3.384991817150194
104,-5.402029037475586,0.2709677219390869,-3.0631270420699366
105,-5.707231521606445,0.45045971870422363,-2.7429501275580606
106,-5.910033226013184,0.6497372388839722,-2.5613351716858688
107,-5.959928512573242,0.8589026927947998,-2.6390279343818293
108,-5.920259475708008,1.0587105751037598,-2.90343882406205
109,-5.849883079528809,1.2516419887542725,-3.236810598223201
110,-5.784712791442871,1.4456448554992676,-3.560992802001465
111,-5.7331132888793945,1.6427645683288574,-3.855584338092058
112,-4.956195831298828,-1.6601784229278564,-3.506922362500518
113,-5.015895843505859,-1.4647074937820435,-3.196534653047138
114,-5.074217796325684,-1.2687385082244873,-2.891040580527715
115,-5.141256332397461,-1.074937105178833,-2.5655123369140256
116,-5.204498291015625,-0.8809694051742554,-2.2409245831136104
117,-5.2213029861450195,-0.6768708229064941,-2.0343663696885415
118,-5.098053932189941,-0.469518780708313,-2.1095524470094915
119,-4.815491676330566,-0.2859196066856384,-2.4131298128766048
120,-4.4853057861328125,-0.11311185359954834,-2.765760385113481
121,-4.469753265380859,0.09709703922271729,-2.8082224380279968
122,-4.782649040222168,0.27549219131469727,-2.486176131033062
123,-5.050853729248047,0.46297216415405273,-2.2107835261101627
124,-5.185671806335449,0.6698386669158936,-2.134275548836058
125,-5.190044403076172,0.8762599229812622,-2.299539114053232
126,-5.138745307922363,1.0736634731292725,-2.590566637925349
127,-5.072819709777832,1.2676787376403809,-2.914912992903055
128,-5.008831024169922,1.461977243423462,-3.236580786543982
129,-4.944440841674805,1.655879259109497,-3.5618502506197274
130,-4.187405586242676,-1.6783692836761475,-3.1664988459303913
131,-4.25248908996582,-1.4840316772460938,-2.844798222049576
132,-4.298563003540039,-1.2853940725326538,-2.5665542142328377
133,-4.341671943664551,-1.0855928659439087,-2.3021085631221467
134,-4.39764404296875,-0.8894443511962891,-1.9984249817730415
135,-4.447676658630371,-0.692459225654602,-1.7037986842519786
136,-4.41578483581543,-0.4834410548210144,-1.6126812502275243
137,-4.211905479431152,-0.285575807094574,-1.8177553436905782
138,-3.902224540710449,-0.10824733972549438,-2.1512024342844143
139,-3.8588972091674805,0.10133814811706543,-2.219487402061759
140,-4.164974212646484,0.2813628911972046,-1.9076541964579974
141,-4.375481605529785,0.4788532257080078,-1.7047073094206553
142,-4.434049606323242,0.6884169578552246,-1.7570918195438026
143,-4.401434898376465,0.8896353244781494,-2.0040746798197233
144,-4.349119186401367,1.0867834091186523,-2.298153484810882
145,-4.297329902648926,1.2843146324157715,-2.589357712621222
146,-4.237606048583984,1.479705810546875,-2.9021932061368716
147,-4.16552734375,1.6717817783355713,-3.2447757937773076
148,-3.3850507736206055,-1.6868937015533447,-2.909505659274373
149,-3.465695381164551,-1.4974137544631958,-2.546273816339408
150,-3.5227365493774414,-1.3012192249298096,-2.2419075591196815
151,-3.5569658279418945,-1.0995675325393677,-1.9986972796450573
152,-3.5904502868652344,-0.8977980017662048,-1.7584591024756264
153,-3.6421613693237305,-0.7013790607452393,-1.4581724853596825
154,-3.676485061645508,-0.5005247592926025,-1.2092217418810378
155,-3.580897331237793,-0.29174375534057617,-1.251558267407745
156,-3.326108932495117,-0.103787362575531,-1.531335640546331
157,-3.2618865966796875,0.10460150241851807,-1.6179157422991466
158,-3.5375328063964844,0.2908419370651245,-1.3395288263793645
159,-3.6631393432617188,0.4978904724121094,-1.2542339319586517
160,-3.651543617248535,0.7027671337127686,-1.4467118348527492
161,-3.6043529510498047,0.9006569385528564,-1.7323551993831643
162,-3.5615224838256836,1.1001594066619873,-2.0016220677809997
163,-3.5085763931274414,1.2974069118499756,-2.2962251910150826
164,-3.4389944076538086,1.4898462295532227,-2.6360712816012892
165,-3.354994773864746,1.6774942874908447,-3.0142756451159585
166,-2.5475635528564453,-1.6650588512420654,-2.9037140187199384
167,-2.6307201385498047,-1.4890697002410889,-2.44361462180359
168,-2.7069578170776367,-1.3055956363677979,-2.0329594973497933
169,-2.7696800231933594,-1.112207055091858,-1.7023483601251428
170,-2.805300712585449,-0.910840630531311,-1.4567511290915718
171,-2.831502914428711,-0.7081009149551392,-1.23152602750406
172,-2.879206657409668,-0.5114142894744873,-0.9351481401254205
173,-2.890170097351074,-0.30589932203292847,-0.7623732091408328
174,-2.7717647552490234,-0.10069429874420166,-0.8907346191281249
175,-2.688286781311035,0.10616099834442139,-0.9957498661735826
176,-2.8790321350097656,0.30488407611846924,-0.8078401946004306
177,-2.889028549194336,0.5130078792572021,-0.9200211242991827
178,-2.851705551147461,0.7126537561416626,-1.1838980397835712
179,-2.813990592956543,0.9128482341766357,-1.4436982119500499
180,-2.757748603820801,1.1087806224822998,-1.751181410768595
181,-2.6834888458251953,1.2967305183410645,-2.1280117321844045
182,-2.6024255752563477,1.477553129196167,-2.556656862501768
183,-2.518037796020508,1.6545393466949463,-3.0100579248855865
184,-1.824326515197754,-1.5920333862304688,-3.2254387824830246
185,-1.842972755432129,-1.4358285665512085,-2.6539869366274615
186,-1.8769216537475586,-1.2751965522766113,-2.1034740246536785
187,-1.934030532836914,-1.1045660972595215,-1.6070431393243325
188,-2.0030860900878906,-0.9196919202804565,-1.204008492905814
189,-2.046210289001465,-0.7202926874160767,-0.931110020619144
190,-2.0612916946411133,-0.5156346559524536,-0.7338389027013363
191,-2.079291343688965,-0.3119177222251892,-0.5279508124081076
192,-2.083953857421875,-0.10448527336120605,-0.39953919146569206
193,-2.080561637878418,0.10547542572021484,-0.40707083473421335
194,-2.0828323364257812,0.3131401538848877,-0.5269794235455265
195,-2.076519012451172,0.5190689563751221,-0.6956283658523716
196,-2.0536413192749023,0.7222596406936646,-0.9182685688463152
197,-1.9959592819213867,0.9165107011795044,-1.2456169595832307
198,-1.919510841369629,1.0947117805480957,-1.6948244416189482
199,-1.8557624816894531,1.2631196975708008,-2.203219052601753
200,-1.8053226470947266,1.4267213344573975,-2.737783227156797
201,-1.7718734741210938,1.5863142013549805,-3.2930459023662024
202,-1.1752338409423828,-1.499711036682129,-3.619857422121413
203,-1.156576156616211,-1.3520127534866333,-3.0125385391877444
204,-1.139662742614746,-1.2051055431365967,-2.4018980084535997
205,-1.1403694152832031,-1.0542927980422974,-1.8060977117443144
206,-1.1675806045532227,-0.8962894082069397,-1.2410081732600702
207,-1.2253084182739258,-0.723319411277771,-0.7531788107814918
208,-1.2480497360229492,-0.5204704403877258,-0.5204433090218572
209,-1.2536306381225586,-0.31364309787750244,-0.3545849371055283
210,-1.261612892150879,-0.10524392127990723,-0.21525629580492023
211,-1.2586870193481445,0.1060858964920044,-0.22540180552573474
212,-1.2577905654907227,0.31438374519348145,-0.35518360618584666
213,-1.2525615692138672,0.5206400156021118,-0.5269745955690723
214,-1.2228965759277344,0.7208495140075684,-0.7934460655999374
215,-1.1671981811523438,0.8853161334991455,-1.3265010147154044
216,-1.1300973892211914,1.0415830612182617,-1.8977162897247126
217,-1.1067914962768555,1.1954362392425537,-2.4789756869492976
218,-1.0891141891479492,1.349626064300537,-3.058929599340672
219,-1.0718231201171875,1.5049529075622559,-3.634246723145452
220,-0.4901618957519531,-1.4151017665863037,-3.9785528983800305
221,-0.4687032699584961,-1.2681713104248047,-3.3676893151337026
222,-0.4476146697998047,-1.122542381286621,-2.75248924343623
223,-0.42801666259765625,-0.9775923490524292,-2.1353927425875554
224,-0.4115447998046875,-0.8341382741928101,-1.5140621063885646
225,-0.4035940170288086,-0.6946835517883301,-0.8772346313669459
226,-0.41748905181884766,-0.5213122367858887,-0.3949371643095674
227,-0.4201974868774414,-0.3156442642211914,-0.2137238960783634
228,-0.4250926971435547,-0.10637378692626953,-0.07960367577652505
229,-0.4243135452270508,0.10580563545227051,-0.09584885094955098
230,-0.42462921142578125,0.314633846282959,-0.22605744472821243
231,-0.4229154586791992,0.5207360982894897,-0.396635646426148
232,-0.42494678497314453,0.6752961874008179,-0.9737169128272853
233,-0.42127227783203125,0.8166450262069702,-1.603059093154343
234,-0.4099540710449219,0.9649009704589844,-2.2085713472988573
235,-0.3932819366455078,1.1169390678405762,-2.8000592954392687
236,-0.37363433837890625,1.2718677520751953,-3.379480199230102
237,-0.3507719039916992,1.4288883209228516,-3.9487073135355786
238,0.34950828552246094,-1.4288132190704346,-3.9492673588042635
239,0.3728370666503906,-1.2717018127441406,-3.380445794520938
240,0.39263916015625,-1.1167640686035156,-2.8010442026359215
241,0.4093952178955078,-0.9647538065910339,-2.209422036750084
242,0.42099952697753906,-0.8165523409843445,-1.6036761085451872
243,0.42507362365722656,-0.6755043268203735,-0.9733075004239709
244,0.423248291015625,-0.5208847522735596,-0.3965516396358453
245,0.42507171630859375,-0.31481558084487915,-0.2257648693550891
246,0.4247245788574219,-0.10578298568725586,-0.09619067168250695
247,0.4256114959716797,0.10634255409240723,-0.07982769388399902
248,0.4206886291503906,0.31548964977264404,-0.21393922382821984
249,0.41776275634765625,0.5212074518203735,-0.3952934689718859
250,0.4037055969238281,0.694562554359436,-0.8777386721087623
251,0.4114398956298828,0.8340684175491333,-1.5144338605755365
252,0.4275703430175781,0.9776358604431152,-2.1353811554440654
253,0.44704246520996094,1.1226046085357666,-2.752453516410469
254,0.4679088592529297,1.2683022022247314,-3.3674372947627944
255,0.48895835876464844,1.4153811931610107,-3.977789112504979
256,1.0704174041748047,-1.5049374103546143,-3.634659032334639
257,1.0882682800292969,-1.3494977951049805,-3.059902919393835
258,1.1062202453613281,-1.1952797174453735,-2.480164334752317
259,1.129312515258789,-1.041544795036316,-1.8985158026255249
260,1.1664352416992188,-0.8854356408119202,-1.3267655878250935
261,1.2233219146728516,-0.7209551930427551,-0.7940852896824708
262,1.252859115600586,-0.5207490921020508,-0.5273028979679566
263,1.258138656616211,-0.31446582078933716,-0.3556799221653364
264,1.2591266632080078,-0.10621112585067749,-0.22597536912849137
265,1.2621078491210938,0.10534429550170898,-0.21575937095144582
266,1.2539482116699219,0.31359291076660156,-0.3549702096265719
267,1.248311996459961,0.5204247236251831,-0.5206180817694985
268,1.2253704071044922,0.7232532501220703,-0.7536471244975473
269,1.1675701141357422,0.8962072134017944,-1.2415904272204443
270,1.1404399871826172,1.0542049407958984,-1.8067263142786487
271,1.1396980285644531,1.2050230503082275,-2.4025179206303164
272,1.1568107604980469,1.3518943786621094,-3.0133090842298316
273,1.1759777069091797,1.4995017051696777,-3.6209987557551813
274,1.7706451416015625,-1.5862510204315186,-3.293660020971174
275,1.804443359375,-1.4265906810760498,-2.738730476137107
276,1.854949951171875,-1.263012170791626,-2.204038843003673
277,1.9186439514160156,-1.09464430809021,-1.6953545534336172
278,1.9952659606933594,-0.9164629578590393,-1.2459462275774058
279,2.0541915893554688,-0.7223610877990723,-0.9174999549948097
280,2.0768966674804688,-0.519134521484375,-0.695750030859017
281,2.083200454711914,-0.3131920099258423,-0.5277325878723786
282,2.0807933807373047,-0.10551178455352783,-0.40860999362780603
283,2.0841407775878906,0.10444045066833496,-0.40098179083020113
284,2.0795135498046875,0.3118884563446045,-0.5288053642404975
285,2.0614852905273438,0.5156348943710327,-0.7341604459331847
286,2.0463409423828125,0.7203037738800049,-0.9312007865764826
287,2.0030345916748047,0.9196896553039551,-1.2042286486321245
288,1.9339256286621094,1.1045596599578857,-1.6072594326694798
289,1.8768367767333984,1.275144100189209,-2.103912404915718
290,1.8430042266845703,1.4357531070709229,-2.654502564512768
291,1.8240375518798828,1.5920288562774658,-3.2255990713013034
292,2.5164794921875,-1.6546121835708618,-3.010344706686965
293,2.601116180419922,-1.4776568412780762,-2.5567794931037042
294,2.682476043701172,-1.2968422174453735,-2.1281295348098865
295,2.756856918334961,-1.1088945865631104,-1.7513136973234396
296,2.8134078979492188,-0.912955641746521,-1.4440342391112608
297,2.851785659790039,-0.7127567529678345,-1.1842485508741447
298,2.8894119262695312,-0.513133704662323,-0.9201794819268798
299,2.879596710205078,-0.3050033450126648,-0.8082071208109483
300,2.689878463745117,-0.10620862245559692,-0.9958232514156862
301,2.7715206146240234,0.10074508190155029,-0.8927469197142273
302,2.8902740478515625,0.3058983087539673,-0.7636632444493898
303,2.8793811798095703,0.5114589929580688,-0.9354745113337231
304,2.8315696716308594,0.7081437110900879,-1.2317992909713666
305,2.805278778076172,0.9108889102935791,-1.4569162458863048
306,2.7695865631103516,1.1122665405273438,-1.7023145642899635
307,2.7067832946777344,1.305647850036621,-2.0329865340179367
308,2.6305408477783203,1.489104986190796,-2.4437758762171597
309,2.547405242919922,1.6650464534759521,-2.904187160412448
310,3.353364944458008,-1.6777256727218628,-3.0139705170040543
311,3.4376773834228516,-1.490081787109375,-2.6358211924209627
312,3.507617950439453,-1.297631025314331,-2.2961083539848914
313,3.5607261657714844,-1.1003773212432861,-2.0015766848023304
314,3.6038684844970703,-0.9008590579032898,-1.7326188068975625
315,3.6516036987304688,-0.7029699087142944,-1.4469812359388925
316,3.663707733154297,-0.4981198310852051,-1.2540514344486837
317,3.5388622283935547,-0.2910301685333252,-1.3390682374256357
318,3.264118194580078,-0.10470300912857056,-1.6173701809598242
319,3.3274402618408203,0.10372936725616455,-1.5319256192690318
320,3.581026077270508,0.2918504476547241,-1.2529313439113139
321,3.6767101287841797,0.500615119934082,-1.2093810651040258
322,3.6422653198242188,0.7014666795730591,-1.458310565486272
323,3.590456008911133,0.8978805541992188,-1.7586020105786702
324,3.556882858276367,1.0996592044830322,-1.9986654150004597
325,3.5226573944091797,1.3013288974761963,-2.241592775054869
326,3.465564727783203,1.497521162033081,-2.5459464795358144
327,3.3848438262939453,1.686978816986084,-2.90935212962313
328,4.163820266723633,-1.6721041202545166,-3.2447101332975308
329,4.236215591430664,-1.4800523519515991,-2.9020927842266246
330,4.296428680419922,-1.284659743309021,-2.589293017736736
331,4.348419189453125,-1.0871223211288452,-2.2980820307593604
332,4.401067733764648,-0.889967143535614,-2.0041075100596117
333,4.434148788452148,-0.6887403130531311,-1.7572298996703921
334,4.376018524169922,-0.47917890548706055,-1.7046001283433725
335,4.166278839111328,-0.2816219925880432,-1.9072650615557905
336,3.8612232208251953,-0.10146218538284302,-2.2187844486900303
337,3.903654098510742,0.10816800594329834,-2.1516910255015773
338,4.211885452270508,0.2857741117477417,-1.8193022273464976
339,4.415798187255859,0.4835742712020874,-1.6132123276374841
340,4.447971343994141,0.6926140785217285,-1.703337129702959
341,4.397809982299805,0.8895854949951172,-1.998074470682468
342,4.341691970825195,1.0857203006744385,-2.301829506083095
343,4.298494338989258,1.2855205535888672,-2.566240395763316
344,4.252405166625977,1.4841628074645996,-2.8443946032180065
345,4.187288284301758,1.6785006523132324,-3.16607012162126
346,4.942680358886719,-1.6562566757202148,-3.561994124318062
347,5.007478713989258,-1.4623713493347168,-3.236579820948691
348,5.072002410888672,-1.268081784248352,-2.914813536588099
349,5.138154983520508,-1.074089527130127,-2.5903870372012534
350,5.1898040771484375,-0.876703679561615,-2.299325717493957
351,5.186016082763672,-0.6702820658683777,-2.134005182154624
352,5.051593780517578,-0.46340274810791016,-2.2104185310902267
353,4.784141540527344,-0.27583885192871094,-2.485612223383214
354,4.472415924072266,-0.09726083278656006,-2.8071293841587703
355,4.487430572509766,0.11296403408050537,-2.765634857725672
356,4.8154754638671875,0.28623223304748535,-2.414659315817289
357,5.097782135009766,0.4697953462600708,-2.110491971227475
358,5.221776962280273,0.6770802736282349,-2.033532095357259
359,5.204914093017578,0.8812028169631958,-2.239766834359898
360,5.141426086425781,1.075122356414795,-2.5647707597306635
361,5.074213027954102,1.2688899040222168,-2.8906012346703847
362,5.015817642211914,1.464850902557373,-3.1961484149308035
363,4.95611572265625,1.6603331565856934,-3.5064192873539923
364,5.731456756591797,-1.6432602405548096,-3.8555399207086793
365,5.783525466918945,-1.4461660385131836,-3.560762990322246
366,5.849193572998047,-1.252192497253418,-3.2364060137963406
367,5.9198455810546875,-1.0592830181121826,-2.902945404868433
368,5.959735870361328,-0.8594708442687988,-2.6387392213898693
369,5.910699844360352,-0.6503039598464966,-2.560638977481176
370,5.708097457885742,-0.4510266184806824,-2.74246443312677
371,5.403627395629883,-0.27143770456314087,-3.062471402867459
372,5.094829559326172,-0.09237605333328247,-3.383530871475159
373,5.07496452331543,0.11801505088806152,-3.376569895023522
374,5.40485954284668,0.29094135761260986,-3.023544394312694
375,5.7406005859375,0.4619429111480713,-2.660692030327027
376,5.956079483032227,0.6582715511322021,-2.443691869426857
377,5.990234375,0.8671139478683472,-2.5428411250804857
378,5.936489105224609,1.0637845993041992,-2.8416455534249963
379,5.858634948730469,1.2544739246368408,-3.1947405769967645
380,5.791727066040039,1.448293685913086,-3.5213319410256645
381,5.739770889282227,1.6457083225250244,-3.8135857709171432
382,6.539678573608398,-1.6353983879089355,-4.093010701774574
383,6.572231292724609,-1.4334032535552979,-3.8548379329322415
384,6.625116348266602,-1.2362534999847412,-3.5609319694981423
385,6.6886444091796875,-1.04146146774292,-3.244484183999475
386,6.711267471313477,-0.8387479782104492,-3.0152122725480694
387,6.620166778564453,-0.6294817328453064,-3.0119379389168444
388,6.3484344482421875,-0.4428805112838745,-3.295493686428472
389,6.026323318481445,-0.26742178201675415,-3.6362010880141042
390,5.725706100463867,-0.08665913343429565,-3.94957538370204
391,5.6675262451171875,0.1231774091720581,-3.9830178110048564
392,5.997047424316406,0.2961881160736084,-3.6294911663380844
393,6.3666534423828125,0.4577854871749878,-3.230748590987332
394,6.660938262939453,0.6376560926437378,-2.90254951079919
395,6.748430252075195,0.8470281362533569,-2.905542856200782
396,6.714351654052734,1.0476415157318115,-3.1622038780767525
397,6.641008377075195,1.2396819591522217,-3.5039435010282887
398,6.581731796264648,1.4354307651519775,-3.8126935608684107
399,6.544456481933594,1.6365301609039307,-4.062911165368632
0,-7.144285202026367,-1.786170244216919,-4.994643994950366
1,7.139421463012695,-1.785578727722168,-5.003855774024942
2,-7.1417436599731445,1.784743309020996,-5.004186007614408
3,7.144115447998047,1.7865045070648193,-4.994077190514645
4,-7.170122146606445,1.5813047885894775,-4.785071193027306
5,-7.205812454223633,1.380664587020874,-4.528020070653838
6,-7.262355804443359,1.1849899291992188,-4.21807363824837
7,-7.323394775390625,0.9905308485031128,-3.8975771116952274
8,-7.317315101623535,0.7858402729034424,-3.6989232613209424
9,-7.125481605529785,0.5827411413192749,-3.8121518619102517
10,-6.7324419021606445,0.4226834774017334,-4.198142785850223
11,-6.348369598388672,0.2568550109863281,-4.553423917160444
12,-6.004773139953613,0.08049798011779785,-4.862885620729912
13,-5.938282012939453,-0.1291409134864807,-4.900194291577236
14,-6.334039688110352,-0.29103904962539673,-4.5306146252003145
15,-6.752439498901367,-0.4455392360687256,-4.134022430562254
16,-7.172755241394043,-0.595971941947937,-3.7154040417449323
17,-7.372747421264648,-0.7977241277694702,-3.579363252409621
18,-7.368011474609375,-1.001360297203064,-3.795233666819513
19,-7.292266845703125,-1.1924690008163452,-4.144429616606885
20,-7.22086238861084,-1.3849389553070068,-4.482929667357666
21,-7.176309585571289,-1.5838782787322998,-4.759328422573617
22,-6.334795951843262,-1.7941219806671143,-4.760449478706278
23,-5.5385332107543945,-1.8051866292953491,-4.4855444994052505
24,-4.76789665222168,-1.822965145111084,-4.148775761010938
25,-4.00286865234375,-1.8418750762939453,-3.8008910896285215
26,-3.188528060913086,-1.8432199954986572,-3.584300341131666
27,-2.381047248840332,-1.793306589126587,-3.717949350931576
28,-1.777785301208496,-1.688159465789795,-4.134023396157545
29,-1.1592607498168945,-1.583266019821167,-4.528486453179312
30,-0.5114002227783203,-1.4840548038482666,-4.896413020418322
31,0.32775115966796875,-1.499290108680725,-4.863586642911059
32,1.0326995849609375,-1.585485816001892,-4.554460000907511
33,1.6938495635986328,-1.6821492910385132,-4.197729511065745
34,2.331928253173828,-1.7811696529388428,-3.8112586862662283
35,3.1439647674560547,-1.8294665813446045,-3.6978282762611343
36,3.96234130859375,-1.83082914352417,-3.8981313633921673
37,4.739843368530273,-1.8154995441436768,-4.219417746893214
38,5.522621154785156,-1.8013877868652344,-4.529203890480403
39,6.325448989868164,-1.792562484741211,-4.7855008829317285
40,7.168498992919922,-1.582170009613037,-4.784380792394359
41,7.204904556274414,-1.3815712928771973,-4.526899014521177
42,7.262163162231445,-1.185953140258789,-4.216491993161981
43,7.323648452758789,-0.9914993643760681,-3.8960215376816905
44,7.317745208740234,-0.786769449710846,-3.698005945794648
45,7.125904083251953,-0.5837051868438721,-3.8122368342958453
46,6.73211669921875,-0.4239006042480469,-4.1991672824538
47,6.348997116088867,-0.2578822374343872,-4.553981065643256
48,6.008138656616211,-0.08098065853118896,-4.861395707196152
49,5.943241119384766,0.1286916732788086,-4.898105708963158
50,6.33343505859375,0.29204678535461426,-4.532985161639317
51,6.752429962158203,0.4462456703186035,-4.135150245861951
52,7.173023223876953,0.5964436531066895,-3.7154571494859283
53,7.373327255249023,0.7981321811676025,-3.5784488336691993
54,7.3686370849609375,1.0017945766448975,-3.793889558174669
55,7.2926788330078125,1.1928811073303223,-4.143208138563978
56,7.220975875854492,1.385307788848877,-4.482013317426663
57,7.176116943359375,1.584216594696045,-4.758706579206319
58,6.334623336791992,1.794370412826538,-4.759846947244796
59,5.538412094116211,1.8054194450378418,-4.484779747934908
60,4.767742156982422,1.8231518268585205,-4.148085360377991
61,4.002532958984375,1.8419859409332275,-3.8005840303260356
62,3.1881332397460938,1.8432598114013672,-3.5842626829153232
63,2.380565643310547,1.793391466140747,-3.7175631128152418
64,1.7753524780273438,1.6886179447174072,-4.1322534599894425
65,1.1583614349365234,1.5834598541259766,-4.527973722079878
66,0.5097427368164062,1.4844450950622559,-4.895386592624163
67,-0.32956695556640625,1.4992659091949463,-4.863639750652055
68,-1.0347328186035156,1.5853791236877441,-4.554654085560969
69,-1.6967191696166992,1.6818444728851318,-4.1986226867097685
70,-2.334064483642578,1.7810237407684326,-3.811566711164005
71,-3.1462717056274414,1.8291854858398438,-3.6984501196284327
72,-3.964773178100586,1.8305113315582275,-3.898244338041195
73,-4.742395401000977,1.8151142597198486,-4.2192140062868475
74,-5.525116920471191,1.8008780479431152,-4.529062913567941
75,-6.327841758728027,1.7918903827667236,-4.785625444724246
76,-6.384373664855957,-1.5962352752685547,-4.473221572303601
77,-6.446810722351074,-1.4016401767730713,-4.153825824382011
78,-6.532236099243164,-1.2128151655197144,-3.78684554052802
79,-6.62236213684082,-1.0252543687820435,-3.4109595713066483
80,-6.653145790100098,-0.8249613046646118,-3.150457411363732
81,-6.528445243835449,-0.6168715953826904,-3.1728659812781643
82,-6.178312301635742,-0.4445948600769043,-3.5105945213915675
83,-5.754798889160156,-0.2920883297920227,-3.912203949160812
84,-5.379591941833496,-0.12473630905151367,-4.262142441726837
85,-5.41860294342041,0.08547890186309814,-4.250442323587777
86,-5.760592460632324,0.2621041536331177,-3.943475718249829
87,-6.147075653076172,0.4269752502441406,-3.5860528965845333
88,-6.47370719909668,0.6056654453277588,-3.280573307994473
89,-6.603231430053711,0.8135559558868408,-3.26123629670019
90,-6.586712837219238,1.0157628059387207,-3.4973774530506034
91,-6.508692741394043,1.2065601348876953,-3.848279609716883
92,-6.431817054748535,1.397439956665039,-4.19900602804023
93,-6.375463485717773,1.5932719707489014,-4.506642756510018
94,-5.605412483215332,-1.6117948293685913,-4.155257802198321
95,-5.680516242980957,-1.4203847646713257,-3.808433354445242
96,-5.769497871398926,-1.232447862625122,-3.43485708915955
97,-5.862823486328125,-1.0458264350891113,-3.0518257147859913
98,-5.9191083908081055,-0.8500091433525085,-2.7447577219425057
99,-5.8585309982299805,-0.6410412788391113,-2.6650912824720763
100,-5.584905624389648,-0.45112401247024536,-2.906301814099379
101,-5.189741134643555,-0.2900503873825073,-3.2811932201711898
102,-4.823102951049805,-0.1201966404914856,-3.6213560260127906
103,-4.833797454833984,0.09025430679321289,-3.635366813682822
104,-5.1721601486206055,0.2681030035018921,-3.334462215580743
105,-5.539107322692871,0.43829119205474854,-2.9983433228171634
106,-5.799344062805176,0.6310124397277832,-2.7803514955533046
107,-5.877420425415039,0.8399300575256348,-2.841941991179283
108,-5.839229583740234,1.0390112400054932,-3.1156670130349085
109,-5.754757881164551,1.2281839847564697,-3.479116114910312
110,-5.667562484741211,1.4164338111877441,-3.8498023534905315
111,-5.59196662902832,1.60744047164917,-4.199475307351577
112,-4.849393844604492,-1.6331201791763306,-3.789756810329891
113,-4.928116798400879,-1.442624807357788,-3.436210853757302
114,-5.006390571594238,-1.2520099878311157,-3.083679737835382
115,-5.089098930358887,-1.062525749206543,-2.7221483082075792
116,-5.157993316650391,-0.8697164058685303,-2.387925844595202
117,-5.158517837524414,-0.6644802093505859,-2.200149425172185
118,-4.980113983154297,-0.4607318043708801,-2.313968970079486
119,-4.636882781982422,-0.28638577461242676,-2.6396507433444185
120,-4.2729387283325195,-0.11579984426498413,-2.974298068884764
121,-4.260100364685059,0.09456980228424072,-3.0084280000346553
122,-4.592984199523926,0.2737278938293457,-2.715987810252045
123,-4.920318603515625,0.4534471035003662,-2.4236741134525346
124,-5.107773780822754,0.6564301252365112,-2.305004383399364
125,-5.134701728820801,0.8635950088500977,-2.4508334121978805
126,-5.081026077270508,1.0597853660583496,-2.753579400519584
127,-4.999942779541016,1.249678373336792,-3.111633721505086
128,-4.914687156677246,1.4383881092071533,-3.4789220302568538
129,-4.82856559753418,1.6267926692962646,-3.8486252928310023
130,-4.098813056945801,-1.65573251247406,-3.4146336613882795
131,-4.18134880065918,-1.4660664796829224,-3.0538148410851136
132,-4.248093605041504,-1.2727861404418945,-2.7228657455086704
133,-4.308872222900391,-1.0778189897537231,-2.4076935113891977
134,-4.373883247375488,-0.8841246962547302,-2.0816168096503134
135,-4.418237686157227,-0.6858394145965576,-1.8019388928266835
136,-4.34610652923584,-0.47667473554611206,-1.755215667893708
137,-4.082344055175781,-0.2864606976509094,-1.9991839396716387
138,-3.7638635635375977,-0.10945326089859009,-2.295415056566071
139,-3.724353790283203,0.09903478622436523,-2.3500716124085557
140,-4.02655029296875,0.2797515392303467,-2.08609427501392
141,-4.286201477050781,0.47212517261505127,-1.8676293060575517
142,-4.391090393066406,0.6807881593704224,-1.86850510098634
143,-4.3723955154418945,0.8832300901412964,-2.09636144974138
144,-4.3125200271606445,1.0779633522033691,-2.4125707332032107
145,-4.24083137512207,1.2701799869537354,-2.7525230392714093
146,-4.158534049987793,1.4597351551055908,-3.1144831932083434
147,-4.065953254699707,1.646538496017456,-3.496708295514054
148,-3.2978334426879883,-1.663588285446167,-3.1536342198705825
149,-3.3983116149902344,-1.480324387550354,-2.7462476354762657
150,-3.4771366119384766,-1.2902228832244873,-2.388026266505449
151,-3.534200668334961,-1.0942749977111816,-2.0812035348658355
152,-3.5823116302490234,-0.8963821530342102,-1.7956113468858348
153,-3.636080741882324,-0.7006585597991943,-1.4900342331714
154,-3.6527910232543945,-0.4974178671836853,-1.2775714045428685
155,-3.507488250732422,-0.2920461893081665,-1.375997429323661
156,-3.2403059005737305,-0.10548728704452515,-1.626206343466265
157,-3.2216978073120117,0.10445249080657959,-1.6644062587670305
158,-3.4673948287963867,0.28927671909332275,-1.4479526248014736
159,-3.622661590576172,0.49369919300079346,-1.3485957661603152
160,-3.6378746032714844,0.7004907131195068,-1.4951316107117236
161,-3.593846321105957,0.8983948230743408,-1.7780133727103475
162,-3.5343246459960938,1.093233346939087,-2.094206241052234
163,-3.456727981567383,1.28387451171875,-2.4480003556145675
164,-3.3629798889160156,1.4696166515350342,-2.838791253745285
165,-3.2574920654296875,1.6508803367614746,-3.2594142183863823
166,-2.46533203125,-1.632556676864624,-3.1739889686014067
167,-2.5625362396240234,-1.465433120727539,-2.6644781294623954
168,-2.656688690185547,-1.2906945943832397,-2.1980087004124016
169,-2.741702079772949,-1.1056629419326782,-1.7995780123405893
170,-2.799867630004883,-0.9100682735443115,-1.4885076270165882
171,-2.834920883178711,-0.7097333669662476,-1.231485472501845
172,-2.8767871856689453,-0.5117781162261963,-0.9500714153452918
173,-2.873957633972168,-0.30473291873931885,-0.8135314132446183
174,-2.724867820739746,-0.10163259506225586,-0.9556535217216151
175,-2.6689319610595703,0.10685718059539795,-1.0220034365361244
176,-2.8608922958374023,0.3033013343811035,-0.856942646330026
177,-2.8795528411865234,0.5116970539093018,-0.9529768915754175
178,-2.8505859375,0.7126691341400146,-1.1985132901056659
179,-2.803579330444336,0.9098161458969116,-1.491106043944228
180,-2.7252750396728516,1.0982286930084229,-1.8631083889058573
181,-2.628507614135742,1.2774932384490967,-2.2993459949950648
182,-2.5272998809814453,1.4502575397491455,-2.775696360656184
183,-2.425889015197754,1.6185173988342285,-3.2777682536745942
184,-1.7745962142944336,-1.5451346635818481,-3.5087579591483973
185,-1.8016080856323242,-1.3972452878952026,-2.902755182596138
186,-1.8408937454223633,-1.2465219497680664,-2.3086833014574495
187,-1.9050264358520508,-1.0880968570709229,-1.7499164809375998
188,-1.987213134765625,-0.9143989086151123,-1.2746437196210536
189,-2.042703628540039,-0.7200609445571899,-0.9500772089170368
190,-2.064469337463379,-0.5169650316238403,-0.7283475622823516
191,-2.078742027282715,-0.31261318922042847,-0.5322650921675631
192,-2.082578659057617,-0.10502052307128906,-0.40610717063395896
193,-2.0828781127929688,0.10504567623138428,-0.40999948525131913
194,-2.0799694061279297,0.3125382661819458,-0.5386544362070254
195,-2.074321746826172,0.5184903144836426,-0.7068804477764843
196,-2.0469484329223633,0.7199785709381104,-0.9513257236280879
197,-1.9769716262817383,0.9066774845123291,-1.3403428232095393
198,-1.8905658721923828,1.072615385055542,-1.8586183708034696
199,-1.8162956237792969,1.2306969165802002,-2.41641573365132
200,-1.7564687728881836,1.3849573135375977,-2.992809496205382
201,-1.712449073791504,1.5362184047698975,-3.583533658470742
202,-1.163376808166504,-1.4390766620635986,-3.9076704792703367
203,-1.1552047729492188,-1.298454761505127,-3.2741327874045965
204,-1.141707420349121,-1.16073477268219,-2.630689053450169
205,-1.142984390258789,-1.0220746994018555,-1.99018845394221
206,-1.1650772094726562,-0.8779343366622925,-1.3685633111795141
207,-1.2149457931518555,-0.7190639972686768,-0.8087546133408523
208,-1.2484455108642578,-0.5203797817230225,-0.5267341623416542
209,-1.255326271057129,-0.31423717737197876,-0.3497791693430372
210,-1.262247085571289,-0.10561102628707886,-0.21555369915449774
211,-1.2599248886108398,0.1057426929473877,-0.2284772265270476
212,-1.2570867538452148,0.3140420913696289,-0.35791141288245854
213,-1.2506160736083984,0.5197443962097168,-0.5389537707471845
214,-1.213460922241211,0.7156341075897217,-0.8509366436210257
215,-1.160038948059082,0.8664669990539551,-1.44636615173863
216,-1.1225461959838867,1.0073883533477783,-2.078857138309104
217,-1.0984182357788086,1.1485438346862793,-2.7097191656239374
218,-1.077178955078125,1.2927417755126953,-3.329990543788881
219,-1.0548820495605469,1.4390149116516113,-3.9422706553268654
220,-0.49428749084472656,-1.344878911972046,-4.256571922494004
221,-0.4763526916503906,-1.2063922882080078,-3.6137278232151857
222,-0.4590950012207031,-1.069609522819519,-2.9643167103633914
223,-0.4344463348388672,-0.9417126774787903,-2.288600850598641
224,-0.41525936126708984,-0.8119978904724121,-1.6153347060867418
225,-0.4009580612182617,-0.6823561191558838,-0.9468675701702978
226,-0.41793346405029297,-0.5209289789199829,-0.4011797378648225
227,-0.42119884490966797,-0.315721333026886,-0.2134264927287859
228,-0.42511749267578125,-0.10642486810684204,-0.08010771651834148
229,-0.42325687408447266,0.10571479797363281,-0.09694576719994075
230,-0.42401885986328125,0.31488490104675293,-0.22728375074757423
231,-0.42214012145996094,0.520964503288269,-0.4015003155013801
232,-0.43106746673583984,0.6651387214660645,-1.021439528886276
233,-0.4234485626220703,0.8026443719863892,-1.6636530944401784
234,-0.3994579315185547,0.9307575225830078,-2.3426172167633013
235,-0.3825416564941406,1.0648703575134277,-3.0019420964661094
236,-0.3663511276245117,1.207890272140503,-3.630676917355231
237,-0.34814453125,1.353440761566162,-4.248330566686718
238,0.3468017578125,-1.3533763885498047,-4.2486289356315865
239,0.36541748046875,-1.2077642679214478,-3.6312070291699
240,0.3819160461425781,-1.064710259437561,-3.0025706990004437
241,0.3990650177001953,-0.9306087493896484,-2.3431869179848945
242,0.4233989715576172,-0.8025435209274292,-1.6640345045800586
243,0.4311695098876953,-0.6651749610900879,-1.021375799597081
244,0.42241859436035156,-0.5209545493125916,-0.40157370074348364
245,0.4243907928466797,-0.31485360860824585,-0.22741217492125543
246,0.42360496520996094,-0.10553455352783203,-0.09715240459217966
247,0.42551612854003906,0.10641777515411377,-0.08024096866847685
248,0.42148399353027344,0.315712571144104,-0.2134747724933277
249,0.4182319641113281,0.5209017992019653,-0.40142886144985823
250,0.4011859893798828,0.6822525262832642,-0.947490379132887
251,0.4154853820800781,0.8117258548736572,-1.6164972828169084
252,0.43415069580078125,0.9417288303375244,-2.288877976447111
253,0.45848846435546875,1.0697152614593506,-2.964266499408268
254,0.4754199981689453,1.206592321395874,-3.6133522066470505
255,0.4929943084716797,1.3451790809631348,-4.255846760430586
256,1.0533599853515625,-1.439023494720459,-3.9424927422437577
257,1.0762157440185547,-1.2926523685455322,-3.3306008000126894
258,1.0979137420654297,-1.148377537727356,-2.7106210316255783
259,1.1220760345458984,-1.0072813034057617,-2.079550435727924
260,1.1594276428222656,-0.866540789604187,-1.4463989819785183
261,1.2136077880859375,-0.7156393527984619,-0.8512765331634
262,1.2508773803710938,-0.5197834968566895,-0.5389248028884595
263,1.257394790649414,-0.3140851855278015,-0.3578196813298291
264,1.2601852416992188,-0.10574227571487427,-0.22893588429019474
265,1.2625198364257812,0.10570180416107178,-0.2159679395342664
266,1.2556743621826172,0.3142359256744385,-0.3497386143408221
267,1.2488288879394531,0.5203731060028076,-0.5266250500737897
268,1.2151565551757812,0.7189892530441284,-0.809304037061338
269,1.1651420593261719,0.8777766227722168,-1.369429450155394
270,1.1431522369384766,1.0219454765319824,-1.9909097536244644
271,1.141632080078125,1.1606903076171875,-2.631100397044065
272,1.1551017761230469,1.2984342575073242,-3.2744495026599907
273,1.1634807586669922,1.4390232563018799,-3.9081069283417946
274,1.7109241485595703,-1.5362334251403809,-3.583805956342758
275,1.755483627319336,-1.384892225265503,-2.9934776881466405
276,1.81549072265625,-1.2306357622146606,-2.4170790976161243
277,1.8898887634277344,-1.0725995302200317,-1.8590779941619076
278,1.9765129089355469,-0.906633734703064,-1.3409463202663119
279,2.047199249267578,-0.7201215028762817,-0.9505387634660565
280,2.0746002197265625,-0.518591046333313,-0.7066767071701179
281,2.0800819396972656,-0.3126082420349121,-0.53909861004081
282,2.082986831665039,-0.1051207184791565,-0.41057304885407575
283,2.0826034545898438,0.10494136810302734,-0.4076260520264441
284,2.0789527893066406,0.3125596046447754,-0.5328309310079931
285,2.064891815185547,0.5169510841369629,-0.7282384500144872
286,2.043048858642578,0.7200486660003662,-0.9499159545034672
287,1.9871807098388672,0.9143303632736206,-1.2750058178551171
288,1.9049530029296875,1.0880436897277832,-1.7501791228567072
289,1.8408069610595703,1.2464630603790283,-2.308987463974063
290,1.801382064819336,1.3972282409667969,-2.902886503555692
291,1.773782730102539,1.545222520828247,-3.5084026200813696
292,2.4241065979003906,-1.61860990524292,-3.277804946295646
293,2.525846481323242,-1.4503843784332275,-2.775596904341228
294,2.6274032592773438,-1.2776330709457397,-2.2992349515366186
295,2.724519729614258,-1.0983648300170898,-1.8630794210471322
296,2.803182601928711,-0.9099403619766235,-1.4912035690686025
297,2.850614547729492,-0.7128040194511414,-1.1984843222469408
298,2.879648208618164,-0.5117795467376709,-0.953486725888979
299,2.860431671142578,-0.303341269493103,-0.8585957454679374
300,2.6666202545166016,-0.1070547103881836,-1.0246926194211028
301,2.7236499786376953,0.10149478912353516,-0.9589162682093502
302,2.8735389709472656,0.3045610189437866,-0.8159202959941467
303,2.8771209716796875,0.5117084980010986,-0.9504547566757537
304,2.8353099822998047,0.7097382545471191,-1.2312421424885542
305,2.8000011444091797,0.9100741147994995,-1.4884062395110504
306,2.741647720336914,1.1056692600250244,-1.79952104221843
307,2.6565170288085938,1.2906959056854248,-2.198011597198274
308,2.562267303466797,1.4654285907745361,-2.6645235124410647
309,2.4650135040283203,1.6325225830078125,-3.1742004339700998
310,3.255586624145508,-1.651144027709961,-3.258993218839578
311,3.3614940643310547,-1.4698853492736816,-2.8383992220572054
312,3.4556312561035156,-1.2841347455978394,-2.447745438457787
313,3.5335693359375,-1.0934723615646362,-2.0941676172406005
314,3.5934391021728516,-0.898620069026947,-1.7781485560510646
315,3.637868881225586,-0.7007203102111816,-1.4952310670266797
316,3.622915267944336,-0.4939274787902832,-1.3488960662957652
317,3.4678688049316406,-0.28951776027679443,-1.4485870209075529
318,3.2197036743164062,-0.10503882169723511,-1.666417593757842
319,3.2430667877197266,0.10492372512817383,-1.6266862443258105
320,3.5073928833007812,0.29200756549835205,-1.3779035144277714
321,3.6529369354248047,0.49736976623535156,-1.2784568554245652
322,3.6364803314208984,0.700700044631958,-1.4897802816099102
323,3.5825767517089844,0.8964495658874512,-1.7952164184118828
324,3.534229278564453,1.0943384170532227,-2.0809254434220747
325,3.477031707763672,1.2902956008911133,-2.3877163104170904
326,3.3980484008789062,1.4803903102874756,-2.7460120302253017
327,3.2974472045898438,1.663633108139038,-3.1535444195085347
328,4.064001083374023,-1.6468801498413086,-3.496496830145361
329,4.15705680847168,-1.460099697113037,-3.1141597187859134
330,4.239753723144531,-1.2705483436584473,-2.7522758468769553
331,4.311761856079102,-1.0783137083053589,-2.4125591460597207
332,4.371984481811523,-0.883564829826355,-2.0965062890350055
333,4.391050338745117,-0.6811093688011169,-1.8687938139783
334,4.28656005859375,-0.4724268317222595,-1.8677934572569939
335,4.027444839477539,-0.27999722957611084,-2.0862748413333065
336,3.723569869995117,-0.09871649742126465,-2.3514920030813755
337,3.7654457092285156,0.10970354080200195,-2.2972458252374963
338,4.082738876342773,0.28673243522644043,-2.000718270588777
339,4.346706390380859,0.4768260717391968,-1.7555256239820665
340,4.418857574462891,0.6859954595565796,-1.8012089027868114
341,4.37428092956543,0.8842775821685791,-2.080918684255039
342,4.309043884277344,1.07796049118042,-2.407133466120513
343,4.248085021972656,1.2729177474975586,-2.7223694295291807
344,4.181194305419922,1.4661979675292969,-3.0533339746302772
345,4.098531723022461,1.6558525562286377,-3.4142454920813634
346,4.826536178588867,-1.6272143125534058,-3.848643639141528
347,4.913177490234375,-1.438842535018921,-3.4787414639374674
348,4.99891471862793,-1.2501555681228638,-3.111371079585979
349,5.080364227294922,-1.0602585077285767,-2.7534181461060143
350,5.134397506713867,-0.8640592098236084,-2.450824721840263
351,5.108020782470703,-0.6568881869316101,-2.304969621968894
352,4.921028137207031,-0.4538692235946655,-2.42344912974977
353,4.5946197509765625,-0.2740080952644348,-2.7154779759384837
354,4.26304817199707,-0.0946151614189148,-3.0071717605612776
355,4.275409698486328,0.11576974391937256,-2.9747827977207635
356,4.63722038269043,0.28676271438598633,-2.6412401131931347
357,4.980140686035156,0.4610809087753296,-2.315034987280569
358,5.159236907958984,0.6647268533706665,-2.1993595682242812
359,5.158588409423828,0.8699765205383301,-2.3868327907259754
360,5.089422225952148,1.0627586841583252,-2.7212676853023368
361,5.006505966186523,1.2522165775299072,-3.08294974779551
362,4.92805290222168,1.4428138732910156,-3.4355803200323862
363,4.849239349365234,1.633305311203003,-3.789148485296664
364,5.590055465698242,-1.6079895496368408,-4.199344951987314
365,5.666219711303711,-1.4170236587524414,-3.8494074250165795
366,5.753957748413086,-1.2288166284561157,-3.4785058586865034
367,5.8388519287109375,-1.0396583080291748,-3.1150258577617933
368,5.877361297607422,-0.8405595421791077,-2.8415798929452194
369,5.799966812133789,-0.6316210031509399,-2.779919874458301
370,5.539909362792969,-0.43889594078063965,-2.9981125455426536
371,5.17378044128418,-0.2685587406158447,-3.333971693172998
372,4.836879730224609,-0.09047281742095947,-3.6341327829011334
373,4.8266448974609375,0.1199796199798584,-3.620705214786767
374,5.189737319946289,0.2906273603439331,-3.283069371821284
375,5.584489822387695,0.4517056941986084,-2.907874768828151
376,5.859224319458008,0.6413478851318359,-2.664446264817798
377,5.919778823852539,0.8503290414810181,-2.7435990075935024
378,5.863309860229492,1.046138048171997,-3.050672794008733
379,5.769737243652344,1.2327208518981934,-3.4339310832756382
380,5.680488586425781,1.4206130504608154,-3.807773852861601
381,5.605249404907227,1.6120178699493408,-4.154646580379222
382,6.373695373535156,-1.5939741134643555,-4.506239137678449
383,6.430694580078125,-1.3981842994689941,-4.19826638204745
384,6.508188247680664,-1.2073553800582886,-3.847212626920509
385,6.586660385131836,-1.0165750980377197,-3.4962506033461977
386,6.603546142578125,-0.8143497705459595,-3.2603730545101826
387,6.474491119384766,-0.6064392924308777,-3.2800509209421307
388,6.147600173950195,-0.42784154415130615,-3.586196770282868
389,5.761579513549805,-0.26290303468704224,-3.943657250164506
390,5.421924591064453,-0.08582353591918945,-4.249004552199722
391,5.383928298950195,0.12440001964569092,-4.260668943313021
392,5.753833770751953,0.2930257320404053,-3.9149385150244598
393,6.1776885986328125,0.4453003406524658,-3.512335489700945
394,6.528675079345703,0.617255449295044,-3.172916192233288
395,6.653768539428711,0.8253200054168701,-3.1494222932119555
396,6.6229095458984375,1.025625467300415,-3.4097100910003064
397,6.53254508972168,1.2131483554840088,-3.7857901448751363
398,6.446815490722656,1.401918649673462,-4.153120939819701
399,6.384111404418945,1.5964760780334473,-4.472794779185051
0,-6.922610282897949,-1.7307794094085693,-5.568318641165433
1,6.918794631958008,-1.7305693626403809,-5.588998795509269
2,-6.920989990234375,1.7297828197479248,-5.589497042679341
3,6.9222564697265625,1.7311770915985107,-5.567245864797314
4,-6.979621887207031,1.533982276916504,-5.280698703074677
5,-7.048030853271484,1.3413069248199463,-4.9436895314529465
6,-7.134824752807617,1.1531445980072021,-4.571665943394919
7,-7.210000038146973,0.962658166885376,-4.217442138928163
8,-7.181239128112793,0.7577357292175293,-4.025562905114384
9,-6.932295799255371,0.5592031478881836,-4.155105238142369
10,-6.488117218017578,0.40415680408477783,-4.516875169807008
11,-6.029566764831543,0.25066936016082764,-4.87289594711001
12,-5.622723579406738,0.08191490173339844,-5.173863308905993
13,-5.581341743469238,-0.12834584712982178,-5.183719140039557
14,-6.032732009887695,-0.28387874364852905,-4.834455598581826
15,-6.517096519470215,-0.4274693727493286,-4.446990210632748
16,-6.984172821044922,-0.5733610391616821,-4.053994858453052
17,-7.239392280578613,-0.7706000804901123,-3.906002896203063
18,-7.258660316467285,-0.9749524593353271,-4.109218218731257
19,-7.1688032150268555,-1.1621277332305908,-4.48824623502901
20,-7.065761566162109,-1.346298098564148,-4.887989167101068
21,-6.986489295959473,-1.5365455150604248,-5.244809457304882
22,-6.144948959350586,-1.7468032836914062,-5.246592911807056
23,-5.383078575134277,-1.7666534185409546,-4.891647807658046
24,-4.645390510559082,-1.7924199104309082,-4.493757852949102
25,-3.8963117599487305,-1.814988613128662,-4.115623977890664
26,-3.079329490661621,-1.8105548620224,-3.910490017519578
27,-2.2896652221679688,-1.746912956237793,-4.055910599510071
28,-1.7060317993164062,-1.6299943923950195,-4.44807843652552
29,-1.1303815841674805,-1.5089633464813232,-4.833865619859125
30,-0.5065011978149414,-1.3963453769683838,-5.181051200250977
31,0.3348979949951172,-1.4045209884643555,-5.175812845798191
32,1.0096073150634766,-1.5063836574554443,-4.875103297944861
33,1.6211299896240234,-1.6216099262237549,-4.51792863426931
34,2.237316131591797,-1.733459711074829,-4.15328219423327
35,3.0310211181640625,-1.795950174331665,-4.0232049214141625
36,3.8501949310302734,-1.802832841873169,-4.2174353797611275
37,4.611488342285156,-1.7838362455368042,-4.572850728816775
38,5.364137649536133,-1.7621277570724487,-4.944852108183113
39,6.135194778442383,-1.745110034942627,-5.2811361177414256
40,6.978185653686523,-1.5348353385925293,-5.279671309685227
41,7.047344207763672,-1.342230200767517,-4.942128163867665
42,7.134733200073242,-1.1541261672973633,-4.569739580789701
43,7.210058212280273,-0.9636021852493286,-4.2158566314606105
44,7.181386947631836,-0.758636474609375,-4.02472669959252
45,6.932918548583984,-0.5600797533988953,-4.154595403828807
46,6.488752365112305,-0.4051670432090759,-4.517334793165446
47,6.030553817749023,-0.25164592266082764,-4.87365876738977
48,5.624994277954102,-0.08261579275131226,-5.173812132355579
49,5.58796501159668,0.1276940107345581,-5.181876784224642
50,6.034379959106445,0.28454339504241943,-4.835780395320853
51,6.518060684204102,0.4282228946685791,-4.4480011889022535
52,6.985139846801758,0.5739163160324097,-4.053731250938654
53,7.240579605102539,0.771088719367981,-3.9045622280291354
54,7.259626388549805,0.9754538536071777,-4.107630780073123
55,7.169416427612305,1.1625933647155762,-4.4868635025725325
56,7.065977096557617,1.346708059310913,-4.886918321923531
57,6.986318588256836,1.5369231700897217,-5.243950077496038
58,6.144472122192383,1.7470920085906982,-5.245763465452228
59,5.382612228393555,1.766878604888916,-4.890760425585768
60,4.644889831542969,1.792586326599121,-4.492896541949676
61,3.8957462310791016,1.815093994140625,-4.114851501657995
62,3.0787887573242188,1.810636043548584,-3.909659605569459
63,2.289081573486328,1.7470436096191406,-4.055168056731418
64,1.7042713165283203,1.6303768157958984,-4.446793229193418
65,1.1294021606445312,1.509263515472412,-4.833330680068002
66,0.5049343109130859,1.396810531616211,-5.1803105886629055
67,-0.33654117584228516,1.4045286178588867,-5.176012724023394
68,-1.0115270614624023,1.5062997341156006,-4.875439325106072
69,-1.6235971450805664,1.6214139461517334,-4.518657658713892
70,-2.2395334243774414,1.73329496383667,-4.153736989615254
71,-3.0334386825561523,1.7956469058990479,-4.02382579918617
72,-3.8527355194091797,1.802499771118164,-4.217512627384394
73,-4.614180564880371,1.7834618091583252,-4.572554291062488
74,-5.366724014282227,1.761648178100586,-4.944651264362619
75,-6.137560844421387,1.7444846630096436,-5.2813128216796486
76,-6.224423408508301,-1.5564846992492676,-4.890619448673306
77,-6.317691802978516,-1.3697924613952637,-4.508051560039348
78,-6.43043327331543,-1.1882632970809937,-4.092097248629443
79,-6.535148620605469,-1.0047143697738647,-3.68953091592698
80,-6.554884910583496,-0.8045138120651245,-3.4282987659441915
81,-6.382952690124512,-0.5988069772720337,-3.4657426201322323
82,-5.976293563842773,-0.43373554944992065,-3.7945770620217445
83,-5.4949798583984375,-0.289634644985199,-4.178988272065908
84,-5.081485748291016,-0.12397712469100952,-4.497390422433227
85,-5.102322578430176,0.0864717960357666,-4.5029609416660605
86,-5.482633590698242,0.26134824752807617,-4.226144083689178
87,-5.934807777404785,0.41639530658721924,-3.876703838293224
88,-6.325259208679199,0.5869934558868408,-3.5749620690739903
89,-6.502635955810547,0.7923511266708374,-3.540294301347103
90,-6.496593475341797,0.9940358400344849,-3.7822831027788197
91,-6.4044599533081055,1.1808791160583496,-4.162470799020866
92,-6.3009233474731445,1.3649277687072754,-4.562165451328383
93,-6.214404106140137,1.5532488822937012,-4.9328874169343635
94,-5.476779937744141,-1.5798640251159668,-4.5098523952567575
95,-5.57777214050293,-1.3951174020767212,-4.114329114605653
96,-5.690011024475098,-1.213433027267456,-3.699478478613173
97,-5.799042701721191,-1.0310993194580078,-3.2889208792837508
98,-5.854351997375488,-0.8363535404205322,-2.971975812210303
99,-5.759634017944336,-0.6280494928359985,-2.9031781133335244
100,-5.4303131103515625,-0.44439542293548584,-3.148234611004227
101,-4.972719192504883,-0.29257631301879883,-3.5107287391369937
102,-4.589545249938965,-0.11975157260894775,-3.804523659112647
103,-4.590787887573242,0.09086894989013672,-3.8238925350515274
104,-4.943571090698242,0.271578311920166,-3.572089423083753
105,-5.37509822845459,0.432814359664917,-3.2446483351989173
106,-5.701387405395508,0.617961049079895,-3.0156661023347624
107,-5.810789108276367,0.8258861303329468,-3.0724382774594687
108,-5.7750043869018555,1.0237751007080078,-3.3586735519031663
109,-5.674513816833496,1.2085537910461426,-3.752561114131595
110,-5.563318252563477,1.390589714050293,-4.16470422092857
111,-5.461004257202148,1.5749566555023193,-4.562452233129761
112,-4.749841690063477,-1.608124017715454,-4.095429517978118
113,-4.85025691986084,-1.4232759475708008,-3.7009268715494272
114,-4.949994087219238,-1.2384741306304932,-3.306295800947055
115,-5.05001163482666,-1.0539309978485107,-2.9100454270419505
116,-5.1269121170043945,-0.8637516498565674,-2.55521522873255
117,-5.110079765319824,-0.6584797501564026,-2.3716488047775783
118,-4.879683494567871,-0.4591166377067566,-2.5068533885910256
119,-4.477449417114258,-0.2924245595932007,-2.823441185406864
120,-4.127346992492676,-0.11532628536224365,-3.0926057007038708
121,-4.101378440856934,0.09501516819000244,-3.129659454394414
122,-4.425387382507324,0.28046107292175293,-2.902026158151557
123,-4.816354751586914,0.4518742561340332,-2.613413588101821
124,-5.058030128479004,0.6503156423568726,-2.479722092109114
125,-5.10386848449707,0.857172966003418,-2.624575869663886
126,-5.043111801147461,1.0508716106414795,-2.9503155786462685
127,-4.943840980529785,1.2358086109161377,-3.3439009095486654
128,-4.835382461547852,1.4185371398925781,-3.7522801259019616
129,-4.725033760070801,1.6009900569915771,-4.1625103884277905
130,-4.015458106994629,-1.6344746351242065,-3.6933508108975275
131,-4.120729446411133,-1.4506903886795044,-3.290899384034674
132,-4.211213111877441,-1.2635462284088135,-2.911079579598436
133,-4.2917633056640625,-1.0741162300109863,-2.5488838204105377
134,-4.3686933517456055,-0.884199321269989,-2.1915546614884533
135,-4.412858009338379,-0.6868898868560791,-1.9032906713387092
136,-4.304792404174805,-0.47875553369522095,-1.8874288374961452
137,-4.007078170776367,-0.2915908098220825,-2.1193001314704816
138,-3.714961051940918,-0.10748493671417236,-2.352196887643686
139,-3.685037612915039,0.10059523582458496,-2.39264760556739
140,-3.9525136947631836,0.28556084632873535,-2.198513706749509
141,-4.247849464416504,0.47468745708465576,-1.9918512090330296
142,-4.3866682052612305,0.6816818714141846,-1.9778046943372374
143,-4.369402885437012,0.8831363916397095,-2.217555245884796
144,-4.297395706176758,1.074268102645874,-2.5655133025093164
145,-4.204524993896484,1.260807752609253,-2.949764223735201
146,-4.09682559967041,1.4438955783843994,-3.357532218269398
147,-3.978274345397949,1.6242938041687012,-3.7813532345137446
148,-3.2149152755737305,-1.639660120010376,-3.4312737650352574
149,-3.342148780822754,-1.464768409729004,-2.9733228176410194
150,-3.4501161575317383,-1.2827732563018799,-2.5569735777571623
151,-3.5314722061157227,-1.0932590961456299,-2.1927626211972893
152,-3.591625213623047,-0.8990998864173889,-1.8688218162417343
153,-3.6463394165039062,-0.7042701840400696,-1.553441013539441
154,-3.658146858215332,-0.5008662939071655,-1.343890420308071
155,-3.491281509399414,-0.2970108985900879,-1.4454333866876823
156,-3.2235708236694336,-0.10891580581665039,-1.6619874425634862
157,-3.247103691101074,0.10142099857330322,-1.6664803574517464
158,-3.4649667739868164,0.29419267177581787,-1.5023610226542132
159,-3.633218765258789,0.4978865385055542,-1.4138535927008888
160,-3.646699905395508,0.7037816047668457,-1.576175954662176
161,-3.6029911041259766,0.9007326364517212,-1.870589821219255
162,-3.53302001953125,1.0923593044281006,-2.2174693079039116
163,-3.430255889892578,1.2762107849121094,-2.62310237125007
164,-3.3057851791381836,1.4531588554382324,-3.069863034818809
165,-3.1719207763671875,1.626105785369873,-3.537944042409208
166,-2.391850471496582,-1.5967657566070557,-3.467052932941897
167,-2.508930206298828,-1.4410070180892944,-2.9041147407656354
168,-2.6293840408325195,-1.2787283658981323,-2.3716700478739767
169,-2.741971969604492,-1.104116439819336,-1.9050577107209392
170,-2.811678886413574,-0.9124596118927002,-1.5551839130394
171,-2.847580909729004,-0.712887167930603,-1.2851677426958759
172,-2.8786354064941406,-0.513276219367981,-1.0203484062076313
173,-2.8766870498657227,-0.3071590065956116,-0.861242442160119
174,-2.7194976806640625,-0.10385531187057495,-0.9846030341361711
175,-2.6893348693847656,0.10538744926452637,-1.028414023671985
176,-2.8707408905029297,0.3055589199066162,-0.897066027450137
177,-2.876185417175293,0.512458086013794,-1.044423593594047
178,-2.8557262420654297,0.7140355110168457,-1.2855172881911585
179,-2.8158693313598633,0.9119439125061035,-1.5745228555242647
180,-2.728001594543457,1.097038984298706,-1.97549788718743
181,-2.6030702590942383,1.2650408744812012,-2.4767200563499046
182,-2.4740161895751953,1.425976037979126,-3.0123743879883023
183,-2.3504323959350586,1.5818171501159668,-3.572390688814494
184,-1.7305583953857422,-1.4951742887496948,-3.7943665622483422
185,-1.7732200622558594,-1.3588619232177734,-3.147216873567686
186,-1.831289291381836,-1.2213155031204224,-2.5050815212323414
187,-1.9091415405273438,-1.077529788017273,-1.8856366926363535
188,-1.998082160949707,-0.9151312708854675,-1.3457887806498547
189,-2.048478126525879,-0.720194935798645,-1.0228377108674067
190,-2.0642032623291016,-0.5167219638824463,-0.8018496414160836
191,-2.075984001159668,-0.3123798370361328,-0.5971009535660414
192,-2.0862855911254883,-0.1058078408241272,-0.42859781614811254
193,-2.085198402404785,0.10572934150695801,-0.43836577811021016
194,-2.0752811431884766,0.3116821050643921,-0.6190750055995977
195,-2.06646728515625,0.5168038606643677,-0.8120173598285874
196,-2.0490493774414062,0.7192038297653198,-1.0456267253264286
197,-1.992781639099121,0.9092904329299927,-1.408864361833139
198,-1.8995704650878906,1.0632188320159912,-1.9860257726434156
199,-1.8085088729858398,1.2051081657409668,-2.6086918271296327
200,-1.7331228256225586,1.3445367813110352,-3.2410408711923537
201,-1.6699190139770508,1.4837489128112793,-3.8759670890863163
202,-1.1526546478271484,-1.3749290704727173,-4.177031976006674
203,-1.1641054153442383,-1.2446680068969727,-3.507817469335123
204,-1.1634883880615234,-1.1208192110061646,-2.8204352872664913
205,-1.1597261428833008,-1.0031083822250366,-2.1164390726237343
206,-1.1820096969604492,-0.8738344311714172,-1.4437291109993566
207,-1.2242374420166016,-0.7193596363067627,-0.8634777952584045
208,-1.2471303939819336,-0.5194472670555115,-0.5963738603120419
209,-1.255904197692871,-0.3143981099128723,-0.39515538884529633
210,-1.266397476196289,-0.10682404041290283,-0.23468503865183266
211,-1.2610559463500977,0.10680222511291504,-0.2590006592656664
212,-1.254866600036621,0.31375765800476074,-0.4219139655449453
213,-1.246058464050293,0.5189833641052246,-0.6195017987181473
214,-1.222081184387207,0.7182363271713257,-0.8948461238765049
215,-1.1789131164550781,0.8668835163116455,-1.5019699565614246
216,-1.1457929611206055,0.9887028932571411,-2.1967070779603546
217,-1.1246118545532227,1.1070001125335693,-2.899135165850794
218,-1.0903635025024414,1.2361626625061035,-3.570127333452774
219,-1.0519914627075195,1.3701703548431396,-4.226567980021855
220,-0.4901847839355469,-1.27139151096344,-4.494664546927197
221,-0.4739036560058594,-1.1483981609344482,-3.8017736437243457
222,-0.45656585693359375,-1.0324745178222656,-3.090718927505577
223,-0.42449188232421875,-0.9282301664352417,-2.3542265689450232
224,-0.42624378204345703,-0.8071953058242798,-1.6567626064447722
225,-0.4095907211303711,-0.6806969046592712,-0.9800531491257516
226,-0.42145442962646484,-0.5219458341598511,-0.4253785214484651
227,-0.4261770248413086,-0.31676095724105835,-0.23116640941202604
228,-0.4292163848876953,-0.10747528076171875,-0.07979293245352892
229,-0.4220752716064453,0.10449349880218506,-0.0918358369208363
230,-0.4282999038696289,0.3153495788574219,-0.25543857823777216
231,-0.42482662200927734,0.5217466354370117,-0.4284916006661206
232,-0.42673587799072266,0.6698975563049316,-1.0295225270658648
233,-0.41617584228515625,0.8097580671310425,-1.66656532983734
234,-0.4073610305786133,0.9196305274963379,-2.392248814712275
235,-0.3848857879638672,1.0249109268188477,-3.1280700845456977
236,-0.36904430389404297,1.1473984718322754,-3.822886384758476
237,-0.3528623580932617,1.2749731540679932,-4.503254482634475
238,0.35159873962402344,-1.2749011516571045,-4.503258345015638
239,0.3681297302246094,-1.1472926139831543,-3.823000325002795
240,0.3843727111816406,-1.024782419204712,-3.1282825155096816
241,0.40727806091308594,-0.9194875955581665,-2.3924989038926014
242,0.41661834716796875,-0.8095369338989258,-1.666835696518774
243,0.42705535888671875,-0.6702581644058228,-1.027984333767563
244,0.42493247985839844,-0.5218719244003296,-0.42763994561960317
245,0.42838478088378906,-0.3154258728027344,-0.2550996542906887
246,0.4221458435058594,-0.10457605123519897,-0.09218152003495561
247,0.42922401428222656,0.10741114616394043,-0.07976396459480384
248,0.42470550537109375,0.31688082218170166,-0.2314251889499701
249,0.4214668273925781,0.5218321084976196,-0.42620217423154827
250,0.4097709655761719,0.6804676055908203,-0.9813142165755835
251,0.4266223907470703,0.807864785194397,-1.6552253787417612
252,0.42463111877441406,0.9281357526779175,-2.3549372470790786
253,0.45612335205078125,1.0324664115905762,-3.091272213607226
254,0.4729900360107422,1.1485950946807861,-3.8018219234888875
255,0.4889354705810547,1.2717316150665283,-4.494299551907261
256,1.0505657196044922,-1.370171308517456,-4.226544805734875
257,1.0894317626953125,-1.2360868453979492,-3.57037645703781
258,1.1242733001708984,-1.1068238019943237,-2.899723213382913
259,1.1454524993896484,-0.9885947704315186,-2.1970855913143623
260,1.178274154663086,-0.8670492768287659,-1.5014997116547875
261,1.2220687866210938,-0.7183492183685303,-0.8944753352848238
262,1.2460517883300781,-0.5190566778182983,-0.6195597344355974
263,1.255086898803711,-0.3138248920440674,-0.4219989379305389
264,1.2612056732177734,-0.10687559843063354,-0.2590759756983516
265,1.2663612365722656,0.10674047470092773,-0.23500368509780856
266,1.2558612823486328,0.3143184185028076,-0.39531954004473846
267,1.2471771240234375,0.5193742513656616,-0.5966307086594043
268,1.2242279052734375,0.7192944288253784,-0.8639007259957907
269,1.1826591491699219,0.8736971616744995,-1.4445942843799457
270,1.1604194641113281,1.0027797222137451,-2.1179058118705143
271,1.1634349822998047,1.1207094192504883,-2.8212521808825386
272,1.1636123657226562,1.244715690612793,-3.508136115781099
273,1.152334213256836,1.3750078678131104,-4.177244406970658
274,1.6684131622314453,-1.4837733507156372,-3.8759130157500294
275,1.7321338653564453,-1.3444857597351074,-3.241333446565477
276,1.8077392578125,-1.2050663232803345,-2.6090124047661902
277,1.8988361358642578,-1.0632861852645874,-1.9859919768082364
278,1.992340087890625,-0.9093795418739319,-1.4088315315932505
279,2.0489578247070312,-0.719294548034668,-1.0455465809172892
280,2.0664024353027344,-0.5168294906616211,-0.8127299691532244
281,2.0755786895751953,-0.31167876720428467,-0.6198494130228482
282,2.085712432861328,-0.10585141181945801,-0.4366209474196694
283,2.086332321166992,0.10574483871459961,-0.42831972470435176
284,2.0755786895751953,0.31225109100341797,-0.5982538743432997
285,2.0640869140625,0.5166211128234863,-0.8025448700254856
286,2.0484447479248047,0.7200818061828613,-1.0235792880507688
287,1.9983768463134766,0.9150516986846924,-1.3461624660274083
288,1.9093055725097656,1.077362298965454,-1.8865076595886876
289,1.8310203552246094,1.2212278842926025,-2.5055874931647395
290,1.7724647521972656,1.3589146137237549,-3.1471386603491283
291,1.7295188903808594,1.4953339099884033,-3.7938750742453067
292,2.348581314086914,-1.5819487571716309,-3.5721328748718406
293,2.4724807739257812,-1.4261265993118286,-3.012081812615179
294,2.6018810272216797,-1.2652266025543213,-2.4762913320407733
295,2.7271480560302734,-1.0972709655761719,-1.9748219704838448
296,2.8155555725097656,-0.9121854901313782,-1.5737291361951975
297,2.8556175231933594,-0.7141860723495483,-1.2854921827135968
298,2.8760547637939453,-0.5125036835670471,-1.0455311313926359
299,2.870576858520508,-0.30550140142440796,-0.9000390953506212
300,2.688047409057617,-0.10554009675979614,-1.0286399729700406
301,2.7141761779785156,0.10390841960906982,-0.9907220114941993
302,2.8753662109375,0.30689942836761475,-0.8646876861578221
303,2.878021240234375,0.5130658149719238,-1.0225953464494069
304,2.847576141357422,0.7127978801727295,-1.2858079323737002
305,2.8119640350341797,0.912420392036438,-1.5551703947053284
306,2.742067337036133,1.1040802001953125,-1.9050258460763416
307,2.6291141510009766,1.278618335723877,-2.3720669075385103
308,2.5084590911865234,1.4409332275390625,-2.90428178875095
309,2.3913631439208984,1.5967614650726318,-3.466887816147164
310,3.1699066162109375,-1.6264055967330933,-3.537437104881519
311,3.304166793823242,-1.4534674882888794,-3.069360925267574
312,3.4290637969970703,-1.2765476703643799,-2.6224882526450983
313,3.5321788787841797,-1.092693567276001,-2.2168513269177765
314,3.6025772094726562,-0.9010317325592041,-1.8700645373810403
315,3.646677017211914,-0.7039893269538879,-1.576070704775475
316,3.6330223083496094,-0.4979315996170044,-1.4151272128895016
317,3.4634666442871094,-0.29412758350372314,-1.5079141611718114
318,3.244274139404297,-0.1019333004951477,-1.6675685833445186
319,3.223175048828125,0.10856509208679199,-1.6650783130894524
320,3.4893875122070312,0.2968869209289551,-1.44932280451917
321,3.657133102416992,0.5006483793258667,-1.3468605914226828
322,3.646320343017578,0.7041842937469482,-1.5541545884593688
323,3.5920372009277344,0.8991278409957886,-1.8683863327655672
324,3.531705856323242,1.0932903289794922,-2.192305894624724
325,3.4499759674072266,1.2827708721160889,-2.556767905960214
326,3.3416690826416016,1.4647295475006104,-2.9732793658529317
327,3.2143936157226562,1.6396684646606445,-3.4309126323964847
328,3.9761600494384766,-1.6246564388275146,-3.7811900489095933
329,4.095165252685547,-1.4443063735961914,-3.3571768792023704
330,4.203266143798828,-1.2612462043762207,-2.949318118710835
331,4.296415328979492,-1.0747038125991821,-2.5652130023738664
332,4.368755340576172,-0.883578360080719,-2.217437443259314
333,4.386463165283203,-0.6821321845054626,-1.9781696893571734
334,4.248805999755859,-0.4751438498497009,-1.9921621307166788
335,3.9536285400390625,-0.2862696647644043,-2.2008591377109497
336,3.6821746826171875,-0.10061824321746826,-2.392931490582896
337,3.715333938598633,0.10720038414001465,-2.3544380343137163
338,4.006010055541992,0.29169023036956787,-2.122424797831627
339,4.30467414855957,0.4787241220474243,-1.889303057955658
340,4.4131622314453125,0.6868799924850464,-1.9034239234888446
341,4.369226455688477,0.8842834234237671,-2.190839155377944
342,4.292152404785156,1.074218988418579,-2.5481026538202514
343,4.211277008056641,1.26362943649292,-2.9104944288521892
344,4.120462417602539,1.4507606029510498,-3.290404999245766
345,4.014989852905273,1.6345524787902832,-3.6927955936052967
346,4.722864151000977,-1.601422905921936,-4.162517147594826
347,4.833740234375,-1.4190304279327393,-3.7519923785052924
348,4.942649841308594,-1.2363454103469849,-3.3434461141666816
349,5.042224884033203,-1.0514179468154907,-2.9499563771980775
350,5.10319709777832,-0.8577030897140503,-2.6245546265674875
351,5.0578765869140625,-0.6508482694625854,-2.4800127362916555
352,4.81683349609375,-0.4524099826812744,-2.614085642424243
353,4.427087783813477,-0.28089994192123413,-2.9029647167742496
354,4.103687286376953,-0.09518390893936157,-3.128639785767291
355,4.12901496887207,0.11511945724487305,-3.09404830006838
356,4.477411270141602,0.2926903963088989,-2.8259401460195477
357,4.879543304443359,0.45937585830688477,-2.508817409412586
358,5.110654830932617,0.658612847328186,-2.371462444886447
359,5.127559661865234,0.8639318943023682,-2.5542921196345105
360,5.050519943237305,1.054124355316162,-2.9090508638923893
361,4.950254440307617,1.238659143447876,-3.305393934945414
362,4.850217819213867,1.4234449863433838,-3.7001234962674516
363,4.749534606933594,1.6082873344421387,-4.094643523411378
364,5.4590301513671875,-1.575505256652832,-4.5622388365704865
365,5.561943054199219,-1.3912134170532227,-4.164099758276507
366,5.67364501953125,-1.2092347145080566,-3.7516872503933882
367,5.7744598388671875,-1.024461269378662,-3.35785762388241
368,5.810426712036133,-0.8265393376350403,-3.072077144820696
369,5.7014617919921875,-0.6186071634292603,-3.0156892766217425
370,5.37574577331543,-0.4334520697593689,-3.24510216498561
371,4.945568084716797,-0.27197569608688354,-3.572289301308956
372,4.593557357788086,-0.09109562635421753,-3.823147095487002
373,4.593524932861328,0.11946713924407959,-3.804493725658631
374,4.973211288452148,0.2930094003677368,-3.5129679546164425
375,5.430463790893555,0.44483089447021484,-3.149961095384242
376,5.76008415222168,0.6283222436904907,-2.9032669481002813
377,5.855131149291992,0.8366485834121704,-2.9709117261998017
378,5.799699783325195,1.0314054489135742,-3.2876839517161898
379,5.690412521362305,1.2137176990509033,-3.6983564568852216
380,5.577825546264648,1.3953609466552734,-4.113433042175757
381,5.476531982421875,1.5800869464874268,-4.509044191998328
382,6.21270751953125,-1.5539419651031494,-4.932276195115264
383,6.299890518188477,-1.365696668624878,-4.561098468532009
384,6.403982162475586,-1.1817095279693604,-4.1610793762067715
385,6.496376037597656,-0.9948503971099854,-3.781045209615968
386,6.502553939819336,-0.7931226491928101,-3.5396434901210796
387,6.325664520263672,-0.587746262550354,-3.574645353818596
388,5.935586929321289,-0.41716647148132324,-3.8770022072380925
389,5.483980178833008,-0.2620372176170349,-4.226623018953433
390,5.10517692565918,-0.086886465549469,-4.502369031752778
391,5.086771011352539,0.12355947494506836,-4.496471175716351
392,5.495555877685547,0.29030048847198486,-4.181206244448958
393,5.976493835449219,0.43441760540008545,-3.7963093399735044
394,6.383550643920898,0.5992264747619629,-3.4657706223956666
395,6.555791854858398,0.8049106597900391,-3.4271497075480966
396,6.535984039306641,1.005134105682373,-3.6880661078707817
397,6.430931091308594,1.1886413097381592,-4.09084680272781
398,6.317790985107422,1.3701107501983643,-4.507128450941309
399,6.224130630493164,1.5567593574523926,-4.889958015899083
0,-6.672844886779785,-1.6693543195724487,-6.122717108589541
1,6.676443099975586,-1.670168161392212,-6.1623876255182495
2,-6.678428649902344,1.6693744659423828,-6.162937049238735
3,6.6730499267578125,1.6696324348449707,-6.1212870619638124
4,-6.777133941650391,1.4839718341827393,-5.77084356306068
5,-6.883716583251953,1.3012843132019043,-5.3613645336711215
6,-7.002388954162598,1.121816635131836,-4.933471602085319
7,-7.093660354614258,0.9363778829574585,-4.5426951878839645
8,-7.041836738586426,0.7323198318481445,-4.343248583775903
9,-6.724109649658203,0.5406581163406372,-4.484357782792813
10,-6.213849067687988,0.39583730697631836,-4.824576593161282
11,-5.692187309265137,0.2520788908004761,-5.156257609968179
12,-5.247475624084473,0.08534562587738037,-5.4187633801395805
13,-5.239731788635254,-0.12521445751190186,-5.4075190229777945
14,-5.7187089920043945,-0.281513512134552,-5.103819992104036
15,-6.255443572998047,-0.4177732467651367,-4.745857402671163
16,-6.784137725830078,-0.5535647869110107,-4.3750707421806965
17,-7.101519584655762,-0.744746744632721,-4.222637041592861
18,-7.142099380493164,-0.9484550952911377,-4.430665856645874
19,-7.0358686447143555,-1.13092041015625,-4.84025786068446
20,-6.8994035720825195,-1.3060697317123413,-5.291729663677188
21,-6.779203414916992,-1.4857414960861206,-5.719089586662449
22,-5.93764591217041,-1.695666790008545,-5.720164294221149
23,-5.218118667602539,-1.7254319190979004,-5.293931220940294
24,-4.516603469848633,-1.7592835426330566,-4.843599785986044
25,-3.7865638732910156,-1.7857282161712646,-4.434210556958533
26,-2.971963882446289,-1.7756319046020508,-4.225214215424103
27,-2.2068605422973633,-1.6963491439819336,-4.376239112482608
28,-1.6629257202148438,-1.5641956329345703,-4.746003207560079
29,-1.1165695190429688,-1.4300466775894165,-5.102177514514324
30,-0.49253082275390625,-1.3099751472473145,-5.405859164672847
31,0.3496513366699219,-1.3114444017410278,-5.42016059652542
32,1.017181396484375,-1.4224246740341187,-5.157383494077294
33,1.5887737274169922,-1.5534682273864746,-4.82361486025161
34,2.163013458251953,-1.6819069385528564,-4.480101438750808
35,2.929330825805664,-1.7615357637405396,-4.338865746750798
36,3.745023727416992,-1.77403724193573,-4.541066228628324
37,4.48552131652832,-1.7508559226989746,-4.9339688836601
38,5.203180313110352,-1.7211430072784424,-5.362195911216531
39,5.934326171875,-1.6946388483047485,-5.771090755455134
40,6.775945663452148,-1.48487389087677,-5.769655880852952
41,6.883243560791016,-1.3022842407226562,-5.359642877267561
42,7.002422332763672,-1.1228783130645752,-4.931465095070962
43,7.093801498413086,-0.9373997449874878,-4.541024708030818
44,7.042240142822266,-0.7333121299743652,-4.342016484184796
45,6.725381851196289,-0.5415616035461426,-4.483131476773451
46,6.215242385864258,-0.396862268447876,-4.82437768053137
47,5.6937255859375,-0.2532251477241516,-5.157144026445167
48,5.250577926635742,-0.08623164892196655,-5.419712560310472
49,5.246280670166016,0.12433028221130371,-5.406930975445675
50,5.721025466918945,0.28162407875061035,-5.10487538775692
51,6.256755828857422,0.41807687282562256,-4.7466028422356885
52,6.784730911254883,0.5539734363555908,-4.375422218866561
53,7.102344512939453,0.7450681924819946,-4.221690758207842
54,7.143165588378906,0.9488284587860107,-4.428843778332066
55,7.036823272705078,1.131296157836914,-4.838392330582565
56,6.900032043457031,1.3063862323760986,-5.290151880971962
57,6.779500961303711,1.486008882522583,-5.7177657555187125
58,5.937557220458984,1.6958398818969727,-5.719170696666879
59,5.217897415161133,1.7255539894104004,-5.293096946609012
60,4.516347885131836,1.759380578994751,-4.842774202012379
61,3.7863712310791016,1.7858216762542725,-4.433265239168804
62,2.971832275390625,1.7757554054260254,-4.22398694380945
63,2.206554412841797,1.6965603828430176,-4.374845758477932
64,1.6617298126220703,1.5646016597747803,-4.744384869852638
65,1.116140365600586,1.4304041862487793,-5.101397313519328
66,0.49184608459472656,1.3104588985443115,-5.4053396744063775
67,-0.35033226013183594,1.3116040229797363,-5.420250396887468
68,-1.0185222625732422,1.4223873615264893,-5.157784216122991
69,-1.5908403396606445,1.5532619953155518,-4.824167180757968
70,-2.1651077270507812,1.6816565990447998,-4.480447121864927
71,-2.931717872619629,1.7611324787139893,-4.339447035115882
72,-3.7475481033325195,1.7736518383026123,-4.541042088746053
73,-4.488262176513672,1.7504808902740479,-4.933528572207479
74,-5.205783843994141,1.7206790447235107,-5.361895611081081
75,-5.936615943908691,1.694016456604004,-5.771217248438234
76,-6.054317474365234,-1.5146372318267822,-5.301301609795246
77,-6.182197570800781,-1.3369518518447876,-4.8633964206387645
78,-6.324716567993164,-1.1634899377822876,-4.403542284926289
79,-6.449066162109375,-0.9852905869483948,-3.9694396100251197
80,-6.460638046264648,-0.7862613797187805,-3.6951004695645224
81,-6.236510276794434,-0.5839266777038574,-3.7389867755330215
82,-5.762653350830078,-0.4293118119239807,-4.057059657906166
83,-5.233212471008301,-0.2907567620277405,-4.407568817289075
84,-4.806783676147461,-0.12176656723022461,-4.675989824212138
85,-4.808534622192383,0.08882772922515869,-4.690298015231747
86,-5.201210021972656,0.26651132106781006,-4.465319140443398
87,-5.710219383239746,0.41426265239715576,-4.1459832594298405
88,-6.17534065246582,0.5733562707901001,-3.8513753082193034
89,-6.40715217590332,0.775110125541687,-3.8097089058244364
90,-6.412707328796387,0.975570797920227,-4.066348684604009
91,-6.301712989807129,1.1568195819854736,-4.482533773288424
92,-6.169276237487793,1.3327836990356445,-4.929135113634175
93,-6.049202919006348,1.5120935440063477,-5.357817902167881
94,-5.342763900756836,-1.5463407039642334,-4.864455678672812
95,-5.470970153808594,-1.3687384128570557,-4.426605528447908
96,-5.608188629150391,-1.1938856840133667,-3.9740870201599137
97,-5.739002227783203,-1.0175771713256836,-3.529474806113285
98,-5.800793647766113,-0.8256525993347168,-3.1886853289279316
99,-5.668484687805176,-0.6186729669570923,-3.1236524860901227
100,-5.275389671325684,-0.4430468678474426,-3.3659946953982853
101,-4.765995979309082,-0.2980136275291443,-3.699431164443922
102,-4.397836685180664,-0.11798346042633057,-3.932129973582505
103,-4.391141891479492,0.0926828384399414,-3.949753053235554
104,-4.725945472717285,0.2799184322357178,-3.763408611628847
105,-5.21328067779541,0.4340860843658447,-3.4643801651768626
106,-5.613288879394531,0.6094956398010254,-3.232398793339371
107,-5.7569169998168945,0.8160897493362427,-3.2924578548340833
108,-5.717681884765625,1.0112521648406982,-3.606199076732537
109,-5.597200393676758,1.19014573097229,-4.036346673322441
110,-5.461675643920898,1.3652572631835938,-4.487396511173074
111,-5.331846237182617,1.5421273708343506,-4.929297333643035
112,-4.647947311401367,-1.5817046165466309,-4.405797915525682
113,-4.770603179931641,-1.4027584791183472,-3.9753084982028213
114,-4.890964508056641,-1.2236597537994385,-3.5457808137896336
115,-5.011423110961914,-1.0447896718978882,-3.1148250139412994
116,-5.101944923400879,-0.858709454536438,-2.72979485731571
117,-5.0715532302856445,-0.654276967048645,-2.535923600416936
118,-4.792523384094238,-0.4591200351715088,-2.6718156880774586
119,-4.321348190307617,-0.303399920463562,-2.977795455028172
120,-4.055869102478027,-0.11131423711776733,-3.159610289125567
121,-4.016648292541504,0.09730291366577148,-3.1886042189235013
122,-4.274576187133789,0.29185962677001953,-3.046148980071166
123,-4.730673789978027,0.4539656639099121,-2.7724056119050147
124,-5.023170471191406,0.6480332612991333,-2.6408055953122584
125,-5.082012176513672,0.8537750244140625,-2.803209067277976
126,-5.005886077880859,1.0426363945007324,-3.1679414452949004
127,-4.888820648193359,1.222109079360962,-3.595360269592902
128,-4.761359214782715,1.3992183208465576,-4.036191212480617
129,-4.628237724304199,1.5753364562988281,-4.482421764234687
130,-3.9344911575317383,-1.612572193145752,-3.9725671731721377
131,-4.064449310302734,-1.4351978302001953,-3.5318762416015943
132,-4.174259185791016,-1.2533982992172241,-3.116628745944581
133,-4.27099609375,-1.0685532093048096,-2.7216645449668704
134,-4.358541488647461,-0.8821214437484741,-2.3384931592761404
135,-4.409994125366211,-0.687899112701416,-2.020628845485817
136,-4.281891822814941,-0.48101532459259033,-1.9975453244630899
137,-3.93878173828125,-0.29857325553894043,-2.219457468607743
138,-3.681626319885254,-0.10956305265426636,-2.395134979036584
139,-3.696046829223633,0.10233438014984131,-2.4005336223076483
140,-3.8921384811401367,0.29527747631073,-2.287794578530793
141,-4.23393440246582,0.4791114330291748,-2.0907996208661643
142,-4.393207550048828,0.6844745874404907,-2.089071205295568
143,-4.3556013107299805,0.8810135126113892,-2.3840035965238258
144,-4.273853302001953,1.0684144496917725,-2.760346292317763
145,-4.171099662780762,1.251476526260376,-3.1675175489622234
146,-4.046456336975098,1.4295334815979004,-3.60515140584198
147,-3.904050827026367,1.6033358573913574,-4.0651069290599935
148,-3.1385555267333984,-1.6154637336730957,-3.697600395772497
149,-3.2966833114624023,-1.4505455493927002,-3.191115732274966
150,-3.428961753845215,-1.2756654024124146,-2.7332738971485924
151,-3.523989677429199,-1.0899945497512817,-2.3408607989292705
152,-3.586273193359375,-0.8972066044807434,-2.005007444870671
153,-3.638119697570801,-0.7035245895385742,-1.68073640632565
154,-3.6604137420654297,-0.5038806200027466,-1.4244683817330497
155,-3.503849983215332,-0.2992202043533325,-1.4875748619656406
156,-3.236499786376953,-0.11045044660568237,-1.675617785688928
157,-3.297119140625,0.09778451919555664,-1.6554378097057452
158,-3.480257987976074,0.298087477684021,-1.5415516387233765
159,-3.649674415588379,0.5019865036010742,-1.4792195659140361
160,-3.636220932006836,0.7028948068618774,-1.7192800735499532
161,-3.589773178100586,0.8973708152770996,-2.0365911012386277
162,-3.524022102355957,1.088813066482544,-2.384283619158168
163,-3.415668487548828,1.2706124782562256,-2.8024163135441995
164,-3.266903877258301,1.4398303031921387,-3.289183521202858
165,-3.1029558181762695,1.6024329662322998,-3.8060966138414187
166,-2.329143524169922,-1.5594476461410522,-3.740332815368447
167,-2.468897819519043,-1.4173662662506104,-3.125528637740217
168,-2.611543655395508,-1.2681374549865723,-2.5379107955254767
169,-2.747004508972168,-1.1026712656021118,-2.023337340276612
170,-2.810591697692871,-0.909792423248291,-1.6829659658521905
171,-2.836681365966797,-0.7096422910690308,-1.4205181313982393
172,-2.8642759323120117,-0.5113853812217712,-1.1424286188280348
173,-2.878885269165039,-0.3094930648803711,-0.9148040129427955
174,-2.758197784423828,-0.10304629802703857,-0.9807358249963727
175,-2.7159013748168945,0.10564291477203369,-1.0435236587829877
176,-2.8756237030029297,0.30875885486602783,-0.9474556177024169
177,-2.8622312545776367,0.5107132196426392,-1.1759202914906837
178,-2.84002685546875,0.7098442316055298,-1.44436833508189
179,-2.8117027282714844,0.9088466167449951,-1.719769630362407
180,-2.7384605407714844,1.098330020904541,-2.0875407367595926
181,-2.593295097351074,1.256371021270752,-2.6365984966300857
182,-2.4406843185424805,1.4039275646209717,-3.228382882524784
183,-2.2956628799438477,1.5446228981018066,-3.8467636251102704
184,-1.7089452743530273,-1.441237449645996,-4.056445539301194
185,-1.7644214630126953,-1.3195511102676392,-3.3650107537969234
186,-1.829763412475586,-1.1988179683685303,-2.6709843105320488
187,-1.919327735900879,-1.0710810422897339,-1.9972923384968908
188,-2.012326240539551,-0.9153122305870056,-1.4260249213418774
189,-2.0428905487060547,-0.7162601351737976,-1.1442140045207907
190,-2.0515966415405273,-0.513209879398346,-0.9164493873183801
191,-2.0690507888793945,-0.310971736907959,-0.6766466936251163
192,-2.0860671997070312,-0.10579568147659302,-0.4756831393151515
193,-2.084780693054199,0.10679018497467041,-0.4806154000607421
194,-2.0676069259643555,0.310489296913147,-0.7053287361441107
195,-2.052530288696289,0.5129127502441406,-0.9415915575011695
196,-2.042970657348633,0.715245246887207,-1.1775589066992325
197,-2.0089235305786133,0.9125027656555176,-1.476834545545671
198,-1.916356086730957,1.0589148998260498,-2.0868773727947882
199,-1.8156909942626953,1.1839094161987305,-2.7664874783674804
200,-1.7377843856811523,1.3043198585510254,-3.4596033652730966
201,-1.66156005859375,1.4279158115386963,-4.143521957033499
202,-1.1527767181396484,-1.309024691581726,-4.404864184879443
203,-1.1806316375732422,-1.192718744277954,-3.695232756119367
204,-1.2001676559448242,-1.0823475122451782,-2.971375211939403
205,-1.1854448318481445,-0.9866723418235779,-2.2130980580222968
206,-1.1924419403076172,-0.8774752616882324,-1.4814249855583057
207,-1.2353754043579102,-0.7198454141616821,-0.9156807734668746
208,-1.2428054809570312,-0.517518162727356,-0.6761571368126624
209,-1.258000373840332,-0.3152889013290405,-0.4218125780394075
210,-1.2771692276000977,-0.10607254505157471,-0.24640639988729163
211,-1.2689542770385742,0.10848677158355713,-0.2655638104574791
212,-1.2606725692749023,0.315018892288208,-0.44545035075907435
213,-1.2424812316894531,0.5165954828262329,-0.7070108031407472
214,-1.2356691360473633,0.7187275886535645,-0.947254773881923
215,-1.1928644180297852,0.8705621957778931,-1.5382753739015698
216,-1.1815433502197266,0.973085880279541,-2.286034298315599
217,-1.173482894897461,1.068493366241455,-3.0456092123035887
218,-1.1273088455200195,1.1812620162963867,-3.763343916744361
219,-1.0749025344848633,1.2998943328857422,-4.465870495354466
220,-0.4776611328125,-1.2020893096923828,-4.673317056447104
221,-0.4611492156982422,-1.1002870798110962,-3.9276322307177907
222,-0.4295816421508789,-1.016508936882019,-3.149943714669007
223,-0.4293794631958008,-0.9209684729576111,-2.3890005521539024
224,-0.43768787384033203,-0.8096516132354736,-1.6734751297385628
225,-0.4080781936645508,-0.6908659338951111,-0.9757852179402562
226,-0.42185306549072266,-0.5217223763465881,-0.47610993243370103
227,-0.4247007369995117,-0.3190159201622009,-0.24591201509838356
228,-0.435333251953125,-0.10904204845428467,-0.08030469795767203
229,-0.4237556457519531,0.1049952507019043,-0.08808353362064736
230,-0.4344444274902344,0.31676697731018066,-0.264457238254181
231,-0.42788028717041016,0.5208995342254639,-0.483767103090031
232,-0.426116943359375,0.6768163442611694,-1.0525877017780658
233,-0.39940643310546875,0.8221683502197266,-1.665805406343452
234,-0.41010570526123047,0.9231510162353516,-2.4075592936437715
235,-0.4027900695800781,1.0015034675598145,-3.1979318694329777
236,-0.3815431594848633,1.0965704917907715,-3.9544632270642524
237,-0.3652181625366211,1.2015461921691895,-4.692839462037227
238,0.3647575378417969,-1.2013965845108032,-4.6927091066729645
239,0.381378173828125,-1.0964289903640747,-3.9543106630083003
240,0.40289306640625,-1.0013831853866577,-3.1977213696595754
241,0.4102039337158203,-0.9229888916015625,-2.4075013579263214
242,0.3982563018798828,-0.8222638368606567,-1.665227980359532
243,0.4254589080810547,-0.6773552894592285,-1.0507009285797722
244,0.4276695251464844,-0.5211637020111084,-0.48321864496483613
245,0.4343833923339844,-0.31698060035705566,-0.26452000194808534
246,0.422576904296875,-0.10555344820022583,-0.08767798359849621
247,0.4356842041015625,0.10885381698608398,-0.08070252321749649
248,0.42536163330078125,0.31891191005706787,-0.2453239675662644
249,0.4216022491455078,0.521536111831665,-0.4770031080777244
250,0.4075202941894531,0.6906044483184814,-0.9771949870648768
251,0.4367790222167969,0.8104397058486938,-1.6721638513336075
252,0.4292411804199219,0.9209890365600586,-2.3894408636065236
253,0.42986488342285156,1.0164809226989746,-3.1504583769590226
254,0.4610118865966797,1.1004281044006348,-3.927860111206428
255,0.47721290588378906,1.2024109363555908,-4.673165457986443
256,1.0740680694580078,-1.299889087677002,-4.465625234150593
257,1.1269283294677734,-1.1812171936035156,-3.7631594880438115
258,1.1732254028320312,-1.0685151815414429,-3.045131242634625
259,1.1803607940673828,-0.9735785722732544,-2.284377336796524
260,1.190774917602539,-0.871666669845581,-1.535052216820759
261,1.2351951599121094,-0.719085693359375,-0.9469129531489671
262,1.2421684265136719,-0.5169111490249634,-0.706835064797815
263,1.2605552673339844,-0.31526070833206177,-0.4457776875626678
264,1.2678985595703125,-0.10855573415756226,-0.26601764024417207
265,1.2756576538085938,0.10628902912139893,-0.24628473488064628
266,1.257965087890625,0.3150970935821533,-0.42212060293718423
267,1.2426280975341797,0.5173208713531494,-0.67675484029769
268,1.2348823547363281,0.7196031808853149,-0.9169148042485631
269,1.1928596496582031,0.8774795532226562,-1.481517682706226
270,1.1861114501953125,0.986290693283081,-2.2142017334397224
271,1.2008857727050781,1.0820527076721191,-2.972323426515004
272,1.1808586120605469,1.192685842514038,-3.6955417466124345
273,1.1527748107910156,1.3091704845428467,-4.404689412131802
274,1.6603279113769531,-1.4280375242233276,-4.143345253095276
275,1.7369804382324219,-1.3044344186782837,-3.459535773602738
276,1.8148365020751953,-1.1841630935668945,-2.7660983434652735
277,1.9154186248779297,-1.0593948364257812,-2.085907915122789
278,2.0078811645507812,-0.9128259420394897,-1.4766452888686672
279,2.0425758361816406,-0.7156330943107605,-1.1767564970125477
280,2.052053451538086,-0.5132237672805786,-0.9419256534717988
281,2.0672569274902344,-0.3107428550720215,-0.7064710353731698
282,2.0846481323242188,-0.10699301958084106,-0.4826074231457369
283,2.0862789154052734,0.10559511184692383,-0.47611089802899187
284,2.0689964294433594,0.31078577041625977,-0.6772289475854905
285,2.051454544067383,0.5130449533462524,-0.9169321849637981
286,2.0426769256591797,0.7161139249801636,-1.1445529284678742
287,2.0126209259033203,0.9152802228927612,-1.4252186492740293
288,1.9195823669433594,1.0708024501800537,-1.9976708518508985
289,1.8298072814941406,1.1986267566680908,-2.6711098379198575
290,1.7641258239746094,1.3195536136627197,-3.3645791327019197
291,1.7082233428955078,1.441439151763916,-4.055431664245816
292,2.293865203857422,-1.5449044704437256,-3.8463812493750993
293,2.439176559448242,-1.4042762517929077,-3.227834424399589
294,2.592123031616211,-1.25679612159729,-2.635843401112652
295,2.737529754638672,-1.0988056659698486,-2.0866224556380075
296,2.8108482360839844,-0.9092903733253479,-1.7192095850937221
297,2.839365005493164,-0.7102468013763428,-1.444304605792695
298,2.8616371154785156,-0.5110523700714111,-1.1766821461751533
299,2.8751068115234375,-0.3090358376502991,-0.9492709368491887
300,2.7184715270996094,-0.1058010458946228,-1.0427898063619523
301,2.753408432006836,0.10311770439147949,-0.9876176226341613
302,2.878477096557617,0.30927276611328125,-0.9166569903059099
303,2.864086151123047,0.5112550258636475,-1.1430176319554448
304,2.8365745544433594,0.7095636129379272,-1.4205403400899286
305,2.8106937408447266,0.9097484350204468,-1.6825835901170194
306,2.7471275329589844,1.1026575565338135,-2.0226817010741343
307,2.6114501953125,1.268017292022705,-2.5377591970648155
308,2.468721389770508,1.4173145294189453,-3.1250728767629425
309,2.3289260864257812,1.5595104694366455,-3.739459917225531
310,3.100973129272461,-1.602862000465393,-3.8055384997633155
311,3.2653141021728516,-1.4402931928634644,-3.288578092955504
312,3.414480209350586,-1.2711304426193237,-2.801640940525658
313,3.523050308227539,-1.0893319845199585,-2.383572941024113
314,3.588888168334961,-0.8978550434112549,-2.0362492805056718
315,3.635517120361328,-0.7033398151397705,-1.7193119381945507
316,3.6490535736083984,-0.5023646354675293,-1.4800596338170635
317,3.48065185546875,-0.29837584495544434,-1.542438055200364
318,3.2952804565429688,-0.09841465950012207,-1.65922004645995
319,3.236177444458008,0.11018168926239014,-1.679687769839802
320,3.5019989013671875,0.29917776584625244,-1.4912035690686025
321,3.659963607788086,0.5037204027175903,-1.4258598045471444
322,3.63787841796875,0.7034316062927246,-1.6812008576605422
323,3.5862369537353516,0.8971683979034424,-2.0049205412944957
324,3.5241165161132812,1.0900168418884277,-2.340233161990227
325,3.4289779663085938,1.2756922245025635,-2.7325950836591346
326,3.296487808227539,1.4505326747894287,-3.1905865860555878
327,3.1383609771728516,1.6155064105987549,-3.696759362274179
328,3.901918411254883,-1.6037665605545044,-4.065012300721492
329,4.044782638549805,-1.4300299882888794,-3.604784479631462
330,4.169843673706055,-1.2520262002944946,-3.16693626059714
331,4.272869110107422,-1.0689728260040283,-2.75977659109617
332,4.354707717895508,-0.8815311193466187,-2.383813374251531
333,4.392154693603516,-0.6849085092544556,-2.0897809178343323
334,4.232885360717773,-0.47953706979751587,-2.0920597227207054
335,3.8898181915283203,-0.2959250807762146,-2.290498245345134
336,3.6938629150390625,-0.10306620597839355,-2.4043313085865066
337,3.6852169036865234,0.10885488986968994,-2.395875590624655
338,3.938343048095703,0.29841506481170654,-2.222137961135104
339,4.280679702758789,0.48091328144073486,-1.9999052393538932
340,4.409521102905273,0.6877800226211548,-2.0216021655389795
341,4.358469009399414,0.8821042776107788,-2.338470950584451
342,4.271162033081055,1.0686206817626953,-2.7209973186209027
343,4.17439079284668,1.2534875869750977,-3.115787712446263
344,4.064352035522461,1.4352595806121826,-3.5311462515617222
345,3.9342594146728516,1.6126279830932617,-3.971845873489883
346,4.626020431518555,-1.5757935047149658,-4.482509633406153
347,4.759687423706055,-1.3997588157653809,-4.035892843535748
348,4.887630462646484,-1.222718596458435,-3.594754841345548
349,5.004981994628906,-1.0432583093643188,-3.167326361094638
350,5.081159591674805,-0.8543441891670227,-2.803048778459697
351,5.022693634033203,-0.6485828161239624,-2.640920501151868
352,4.730480194091797,-0.45451241731643677,-2.773133670754305
353,4.274364471435547,-0.2925194501876831,-3.0479478840979937
354,4.017179489135742,-0.09794348478317261,-3.1910297942940815
355,4.060670852661133,0.11058259010314941,-3.1601529536790167
356,4.321954727172852,0.3031919002532959,-2.979911074310394
357,4.791536331176758,0.4592236280441284,-2.6741253920131385
358,5.071199417114258,0.6542626619338989,-2.5368293287997403
359,5.102020263671875,0.8587566614151001,-2.729560217660037
360,5.011758804321289,1.044926404953003,-3.1139241135349494
361,4.891298294067383,1.2238235473632812,-3.544688725515698
362,4.770700454711914,1.4028897285461426,-3.9743477308884394
363,4.64781379699707,1.5818085670471191,-4.404975228337889
364,5.329889297485352,-1.5426933765411377,-4.929103248989577
365,5.460330963134766,-1.365920066833496,-4.486737975184724
366,5.596340179443359,-1.1908806562423706,-4.035374318864569
367,5.717067718505859,-1.0119881629943848,-3.605286589182697
368,5.756473541259766,-0.8167912364006042,-3.291910362304179
369,5.613412857055664,-0.6101690530776978,-3.232015452008909
370,5.21379280090332,-0.4347577691078186,-3.4646804653123127
371,4.726781845092773,-0.2806357145309448,-3.76461270895652
372,4.392974853515625,-0.09333306550979614,-3.9514891935684773
373,4.402616500854492,0.11732137203216553,-3.932549041938728
374,4.766834259033203,0.2979782819747925,-3.7014367058629887
375,5.275012969970703,0.44327056407928467,-3.367929748361121
376,5.668222427368164,0.6187986135482788,-3.1245659392352536
377,5.801107406616211,0.8257840871810913,-3.1881629418755892
378,5.73957633972168,1.0177922248840332,-3.528238844141015
379,5.608739852905273,1.194122552871704,-3.972718771632799
380,5.47123908996582,1.3689262866973877,-4.425457435647104
381,5.342733383178711,1.5464832782745361,-4.863536431955936
382,6.047630310058594,-1.512819528579712,-5.357140054273714
383,6.168363571166992,-1.3336081504821777,-4.927960949760518
384,6.30128288269043,-1.1577129364013672,-4.481059309279317
385,6.412477493286133,-0.9764490723609924,-4.065027750246145
386,6.4071197509765625,-0.7759535908699036,-3.8088128333945406
387,6.176063537597656,-0.5741434097290039,-3.850534274720985
388,5.711246490478516,-0.41508233547210693,-4.145962981928733
389,5.202239990234375,-0.2674868106842041,-4.466483648364147
390,4.811239242553711,-0.08957338333129883,-4.691485697439475
391,4.812070846557617,0.12102246284484863,-4.676127904338728
392,5.234777450561523,0.2907388210296631,-4.409095423443887
393,5.762657165527344,0.4297003746032715,-4.058770692761527
394,6.2364959716796875,0.5842024087905884,-3.7397775980762162
395,6.4611358642578125,0.7864818572998047,-3.694443864766754
396,6.44989013671875,0.9855870008468628,-3.9679033479173995
397,6.325466156005859,1.1637957096099854,-4.401928775195302
398,6.182622909545898,1.3371961116790771,-4.862066795923283
399,6.05436897277832,1.5148160457611084,-5.300305115455103
0,-6.389190673828125,-1.5987656116485596,-6.6245089789736085
1,6.39198112487793,-1.5993645191192627,-6.676824931831106
2,-6.393609046936035,1.5985629558563232,-6.677388839480955
3,6.3896636962890625,1.5989656448364258,-6.622762217092486
4,-6.5420989990234375,1.4254932403564453,-6.215189272807038
5,-6.697292327880859,1.2546799182891846,-5.742053373869112
6,-6.859823226928711,1.0861232280731201,-5.259150478564379
7,-6.9815216064453125,0.9081101417541504,-4.822458077093188
8,-6.909619331359863,0.7051496505737305,-4.610915460776823
9,-6.510828971862793,0.5239756107330322,-4.769250879782248
10,-5.923433303833008,0.3962693214416504,-5.095028246980974
11,-5.350180625915527,0.26008033752441406,-5.390175000363797
12,-4.90431022644043,0.08840954303741455,-5.591919721264048
13,-4.925662994384766,-0.12201905250549316,-5.568701016900604
14,-5.405641555786133,-0.28401345014572144,-5.3213068130307875
15,-5.986725807189941,-0.415005624294281,-5.004407128936009
16,-6.582982063293457,-0.5357736945152283,-4.653421931074718
17,-6.97080135345459,-0.7180995941162109,-4.4895555822433835
18,-7.028616905212402,-0.9205475449562073,-4.713345809228713
19,-6.892786026000977,-1.095491647720337,-5.165843074420309
20,-6.714021682739258,-1.2597694396972656,-5.667138628824887
21,-6.5452375411987305,-1.427392840385437,-6.154393462105418
22,-5.702702522277832,-1.637364387512207,-6.155356160610381
23,-5.031092643737793,-1.679170846939087,-5.669136445481627
24,-4.3728179931640625,-1.723523736000061,-5.16892815137453
25,-3.67230224609375,-1.7571921348571777,-4.71718887848624
26,-2.862645149230957,-1.7427103519439697,-4.492863711709788
27,-2.1332168579101562,-1.6456964015960693,-4.655609970003752
28,-1.6487035751342773,-1.4967186450958252,-5.005301270175323
29,-1.1259164810180664,-1.351029396057129,-5.3212121846922855
30,-0.4816246032714844,-1.229630947113037,-5.567114543837761
31,0.3603248596191406,-1.2271817922592163,-5.5903052459377705
32,1.049245834350586,-1.3377649784088135,-5.387935784884348
33,1.5914840698242188,-1.481437087059021,-5.090886808778578
34,2.0962600708007812,-1.629096269607544,-4.761660335200986
35,2.8207740783691406,-1.7288495302200317,-4.603321053814398
36,3.6317920684814453,-1.7461411952972412,-4.818948138210999
37,4.341718673706055,-1.7152730226516724,-5.2586068484156385
38,5.015422821044922,-1.6746724843978882,-5.742252286499024
39,5.699062347412109,-1.6361526250839233,-6.215151614590695
40,6.541231155395508,-1.4264410734176636,-6.2139726227405845
41,6.697055816650391,-1.2557568550109863,-5.740294059249209
42,6.859979629516602,-1.0872795581817627,-5.257087001427863
43,6.981733322143555,-0.9092414379119873,-4.820585787824257
44,6.910364151000977,-0.7062588930130005,-4.609165802109828
45,6.51264762878418,-0.524933934211731,-4.767517636235198
46,5.92546272277832,-0.3973509669303894,-5.094482685641651
47,5.352161407470703,-0.2613583207130432,-5.391019896243279
48,4.907815933227539,-0.08946084976196289,-5.593013740728566
49,4.931205749511719,0.12093997001647949,-5.569156777877879
50,5.408395767211914,0.283491849899292,-5.322194195103066
51,5.987874984741211,0.4149007797241211,-5.005108151117156
52,6.582958221435547,0.5360291004180908,-4.654210822427331
53,6.970897674560547,0.7182706594467163,-4.4892311422256626
54,7.029394149780273,0.9207978248596191,-4.711537249248977
55,6.893804550170898,1.095818042755127,-5.163590340606788
56,6.714866638183594,1.2600479125976562,-5.6650674269260435
57,6.54582405090332,1.427605390548706,-6.1525984204597535
58,5.702779769897461,1.637441635131836,-6.154055503753625
59,5.030942916870117,1.6791794300079346,-5.6680771874475795
60,4.372655868530273,1.7235107421875,-5.167886274055718
61,3.6723995208740234,1.7572274208068848,-4.71583704507907
62,2.862882614135742,1.7428815364837646,-4.490888103744737
63,2.133014678955078,1.6460497379302979,-4.653305094044526
64,1.6482486724853516,1.4972114562988281,-5.003515884482567
65,1.126718521118164,1.3514292240142822,-5.320751595738557
66,0.4824695587158203,1.2300612926483154,-5.567133855743577
67,-0.3594942092895508,1.2276713848114014,-5.590709830364631
68,-1.0492744445800781,1.33795166015625,-5.388553765870483
69,-1.5928878784179688,1.481306791305542,-5.0914883746447686
70,-2.098052978515625,1.6288385391235352,-4.76191911473893
71,-2.823105812072754,1.728372573852539,-4.60380867943627
72,-3.634291648864746,1.745689868927002,-4.818745363199923
73,-4.344538688659668,1.7148656845092773,-5.257936725283798
74,-5.01804256439209,1.6741893291473389,-5.74175114254308
75,-5.701194763183594,1.635514736175537,-6.215158373757731
76,-5.860500335693359,-1.4664292335510254,-5.6838270122364065
77,-6.028359413146973,-1.2985483407974243,-5.198364323815667
78,-6.208101272583008,-1.1345702409744263,-4.696156281861249
79,-6.361225128173828,-0.9638538956642151,-4.2233544788939525
80,-6.37299919128418,-0.7671600580215454,-3.92233014697581
81,-6.094155311584473,-0.5691709518432617,-3.9722147308909825
82,-5.549283027648926,-0.42834216356277466,-4.27883468751952
83,-4.977417945861816,-0.29444050788879395,-4.587829042968224
84,-4.560659408569336,-0.11931771039962769,-4.799683546563529
85,-4.545409202575684,0.09127461910247803,-4.8202111368514124
86,-4.926462173461914,0.2744787931442261,-4.6550953077137365
87,-5.48121452331543,0.4165910482406616,-4.3747820291887365
88,-6.0269622802734375,0.5596610307693481,-4.0863519566489686
89,-6.321469306945801,0.756250262260437,-4.036228870696959
90,-6.330129623413086,0.9548604488372803,-4.315756154655219
91,-6.188617706298828,1.1285130977630615,-4.77411458326219
92,-6.017854690551758,1.2949047088623047,-5.265997514771698
93,-5.856575965881348,1.4641647338867188,-5.745509239415014
94,-5.187814712524414,-1.5079823732376099,-5.199489242329491
95,-5.345870018005371,-1.3376240730285645,-4.725747915144211
96,-5.512663841247559,-1.1700538396835327,-4.2390280216548035
97,-5.671636581420898,-1.0011643171310425,-3.7574702005902054
98,-5.749283790588379,-0.8138012886047363,-3.380310611180221
99,-5.581057548522949,-0.6085160970687866,-3.3131669770366443
100,-5.123538970947266,-0.44211602210998535,-3.5471316816015133
101,-4.563770294189453,-0.304237961769104,-3.8459505938753864
102,-4.242087364196777,-0.11615407466888428,-4.012028155922735
103,-4.222979545593262,0.09448659420013428,-4.032770108365185
104,-4.51744270324707,0.2882040739059448,-3.9115956241275853
105,-5.055300712585449,0.4352073669433594,-3.64446561810837
106,-5.525171279907227,0.6002926826477051,-3.4198768438175193
107,-5.712409973144531,0.8046915531158447,-3.4796703666072517
108,-5.653550148010254,0.9951627254486084,-3.834362484790063
109,-5.503992080688477,1.1666934490203857,-4.303513371962708
110,-5.340001106262207,1.334869384765625,-4.787782584603974
111,-5.179521560668945,1.5043303966522217,-5.265895161670869
112,-4.5306501388549805,-1.5525479316711426,-4.698484332107455
113,-4.674264907836914,-1.378896713256836,-4.240403994944245
114,-4.813899040222168,-1.2044943571090698,-3.7861647958479807
115,-4.954251289367676,-1.0306967496871948,-3.3282968896487546
116,-5.064940452575684,-0.8505839109420776,-2.904471045427954
117,-5.036296844482422,-0.6483096480369568,-2.6796630810060833
118,-4.702397346496582,-0.4584028720855713,-2.8126950754151494
119,-4.163616180419922,-0.31393539905548096,-3.0966293362807846
120,-4.014437675476074,-0.11034834384918213,-3.1934157802577374
121,-3.9865198135375977,0.0993349552154541,-3.216479023779357
122,-4.115961074829102,0.30316162109375,-3.1652947486027188
123,-4.639921188354492,0.4539583921432495,-2.9069342790148767
124,-4.994983673095703,0.6416233777999878,-2.7755563493390127
125,-5.048336982727051,0.8449726104736328,-2.9797478887062425
126,-4.946194648742676,1.027324914932251,-3.3908211159209714
127,-4.810077667236328,1.202232837677002,-3.843832077807292
128,-4.667384147644043,1.3757476806640625,-4.30329611302227
129,-4.514370918273926,1.5469839572906494,-4.773407767509298
130,-3.8469972610473633,-1.5905377864837646,-4.226560255259528
131,-3.9975366592407227,-1.4182859659194946,-3.7601680738328014
132,-4.117485046386719,-1.2391786575317383,-3.3298273581847297
133,-4.220215797424316,-1.0559178590774536,-2.9256407565842437
134,-4.317039489746094,-0.872604489326477,-2.522270083004514
135,-4.39188289642334,-0.685551643371582,-2.1462016162731743
136,-4.268060684204102,-0.4793626666069031,-2.0855902342721038
137,-3.8483457565307617,-0.30844658613204956,-2.303880430480831
138,-3.6838502883911133,-0.10860234498977661,-2.408375221664528
139,-3.7204437255859375,0.10128927230834961,-2.4084650220265758
140,-3.7576255798339844,0.3086862564086914,-2.393384354774298
141,-4.2078142166137695,0.4768260717391968,-2.178758592694294
142,-4.380812644958496,0.681525707244873,-2.210470673235932
143,-4.312704086303711,0.8701144456863403,-2.577283909104608
144,-4.216818809509277,1.0537734031677246,-2.980003771458314
145,-4.110448837280273,1.2361390590667725,-3.390824012706844
146,-3.982041358947754,1.413212776184082,-3.8330743806720875
147,-3.8211421966552734,1.582608699798584,-4.313207948682702
148,-3.0600881576538086,-1.5932769775390625,-3.9259376109823734
149,-3.247743606567383,-1.4375039339065552,-3.383544389809231
150,-3.396268844604492,-1.2665886878967285,-2.9071428475976973
151,-3.486217498779297,-1.079857349395752,-2.5234886642615493
152,-3.5413169860839844,-0.8860962390899658,-2.1980907760121227
153,-3.6030235290527344,-0.6959730386734009,-1.8451714907832866
154,-3.651148796081543,-0.5042927861213684,-1.509095084212504
155,-3.5223560333251953,-0.2980373501777649,-1.516392087825352
156,-3.24114990234375,-0.11067986488342285,-1.6870243628595745
157,-3.3549766540527344,0.09536314010620117,-1.6441741406381425
158,-3.463115692138672,0.3013516664505005,-1.5944730198282286
159,-3.6472434997558594,0.5040568113327026,-1.5474639786891657
160,-3.600234031677246,0.6948460340499878,-1.89057571254898
161,-3.541365623474121,0.884868860244751,-2.2437624676733776
162,-3.4818410873413086,1.0776126384735107,-2.5781191490311812
163,-3.3817996978759766,1.2618205547332764,-2.9785949679289843
164,-3.2218151092529297,1.4285526275634766,-3.4750538555217645
165,-3.0278663635253906,1.5811238288879395,-4.030207418463306
166,-2.2682371139526367,-1.52351713180542,-3.974662514953252
167,-2.4268407821655273,-1.3953946828842163,-3.315447713113599
168,-2.5872344970703125,-1.2591811418533325,-2.6822286676938347
169,-2.738375663757324,-1.0985527038574219,-2.146834081188672
170,-2.7797603607177734,-0.9012278914451599,-1.8469858443347675
171,-2.8006811141967773,-0.7007980346679688,-1.5874936970660656
172,-2.842288017272949,-0.5070434212684631,-1.263868641770614
173,-2.8745861053466797,-0.31060856580734253,-0.9716804723589121
174,-2.8148536682128906,-0.10167139768600464,-0.9558031889916947
175,-2.7520275115966797,0.10582625865936279,-1.053329278961428
176,-2.874810218811035,0.311832070350647,-0.9862908947045526
177,-2.8377304077148438,0.5055255889892578,-1.30755506951391
178,-2.801206588745117,0.6999152898788452,-1.6245300700413736
179,-2.780651092529297,0.8995441198348999,-1.891906302859752
180,-2.729066848754883,1.0950331687927246,-2.2085703817035665
181,-2.5692481994628906,1.2493984699249268,-2.770011901179032
182,-2.4039716720581055,1.3821940422058105,-3.413495224540384
183,-2.2410030364990234,1.50783109664917,-4.0792432441178335
184,-1.7029590606689453,-1.387588381767273,-4.279407285526986
185,-1.7589855194091797,-1.281644344329834,-3.5469182850422385
186,-1.8249702453613281,-1.1769694089889526,-2.811538292256728
187,-1.913320541381836,-1.0685765743255615,-2.084965494118933
188,-2.010830879211426,-0.9127070307731628,-1.5156138180209382
189,-2.024394989013672,-0.7107876539230347,-1.2667152166879987
190,-2.0357351303100586,-0.5093694925308228,-1.0159819843024707
191,-2.067080497741699,-0.31114232540130615,-0.7229527813924506
192,-2.0886192321777344,-0.10525715351104736,-0.5179240709080659
193,-2.083555221557617,0.10719513893127441,-0.5304748784983531
194,-2.0588607788085938,0.30941808223724365,-0.7741824395477579
195,-2.034377098083496,0.5083414316177368,-1.0514695424312777
196,-2.0228500366210938,0.709040641784668,-1.309263207583399
197,-2.019009590148926,0.9117006063461304,-1.5456631434717565
198,-1.9098539352416992,1.0527722835540771,-2.173751015516018
199,-1.817917823791504,1.1610264778137207,-2.9014091427607127
200,-1.7437000274658203,1.2648487091064453,-3.6390689060278874
201,-1.6718769073486328,1.3709585666656494,-4.370463887048118
202,-1.1641082763671875,-1.2449787855148315,-4.5852624906851815
203,-1.202713966369629,-1.1423921585083008,-3.8414798876788154
204,-1.2436065673828125,-1.0427964925765991,-3.0917598392290984
205,-1.2293071746826172,-0.9635242223739624,-2.3000499139620842
206,-1.1847429275512695,-0.8818565011024475,-1.51302891942737
207,-1.2384214401245117,-0.7186697125434875,-0.9748939734868145
208,-1.24285888671875,-0.5170385837554932,-0.7230628592556059
209,-1.2615222930908203,-0.3159503936767578,-0.4388350574215565
210,-1.2870140075683594,-0.10580110549926758,-0.25741901417927693
211,-1.2769136428833008,0.10985887050628662,-0.27304041479442276
212,-1.2762279510498047,0.31870341300964355,-0.4547615861486065
213,-1.2378597259521484,0.5143260955810547,-0.7763521321662665
214,-1.2469596862792969,0.7182090282440186,-0.9907915343551394
215,-1.2062320709228516,0.8676940202713013,-1.5901819143557532
216,-1.2373056411743164,0.9406822919845581,-2.390798490585439
217,-1.2244329452514648,1.028191089630127,-3.166742175943682
218,-1.165018081665039,1.128706693649292,-3.9127736503824053
219,-1.1090002059936523,1.231398582458496,-4.65504123437745
220,-0.46576690673828125,-1.1396512985229492,-4.795564317052822
221,-0.4475059509277344,-1.0623362064361572,-4.004424093007401
222,-0.426513671875,-1.0072543621063232,-3.1807056494444623
223,-0.43140506744384766,-0.9197144508361816,-2.4056754172313504
224,-0.44002532958984375,-0.8095819354057312,-1.6810367064611
225,-0.40264129638671875,-0.7048485279083252,-0.9474276154389827
226,-0.420013427734375,-0.5222676992416382,-0.516003501874593
227,-0.4227867126464844,-0.32182908058166504,-0.2526547670142918
228,-0.4421987533569336,-0.11061263084411621,-0.0808686056075203
229,-0.42597007751464844,0.1057746410369873,-0.08413618007170953
230,-0.4405860900878906,0.3186931610107422,-0.2723268398744949
231,-0.43088340759277344,0.5206031799316406,-0.5265574584034312
232,-0.42638683319091797,0.6854248046875,-1.059966780990635
233,-0.38767051696777344,0.8343383073806763,-1.6567133610849396
234,-0.4057788848876953,0.92896568775177,-2.414836985350803
235,-0.4107818603515625,0.9946588277816772,-3.2240029422855514
236,-0.3931312561035156,1.0539226531982422,-4.039149796451738
237,-0.37584495544433594,1.1364753246307373,-4.822015834449985
238,0.37630271911621094,-1.1362311840057373,-4.821091759756655
239,0.393310546875,-1.053916096687317,-4.037757408042353
240,0.4109649658203125,-0.9944850206375122,-3.2227949825767155
241,0.4051361083984375,-0.9286478161811829,-2.4137777273167558
242,0.38514137268066406,-0.8357092142105103,-1.6521837535756276
243,0.4253501892089844,-0.6857203841209412,-1.059295692263504
244,0.4303264617919922,-0.5208820104598999,-0.5263305435100847
245,0.44010162353515625,-0.3189457654953003,-0.27226697296646307
246,0.42464447021484375,-0.10616832971572876,-0.08430805603347835
247,0.4414043426513672,0.11034119129180908,-0.08060210130724954
248,0.42228126525878906,0.32157742977142334,-0.25247999426665046
249,0.4194355010986328,0.5219664573669434,-0.5164766435671027
250,0.40203094482421875,0.7044013738632202,-0.94943412245334
251,0.43861961364746094,0.8095510005950928,-1.6825121360654975
252,0.4308948516845703,0.9200400114059448,-2.405729490567637
253,0.42687416076660156,1.0071368217468262,-3.181726283666876
254,0.44766807556152344,1.0624232292175293,-4.005145392689656
255,0.4661731719970703,1.1398890018463135,-4.79598917898079
256,1.1090564727783203,-1.2313456535339355,-4.654086260634813
257,1.164896011352539,-1.1288669109344482,-3.9112180763688684
258,1.223745346069336,-1.0287624597549438,-3.1641051352044087
259,1.2357902526855469,-0.9419109225273132,-2.3868154100107404
260,1.2037811279296875,-0.8689587116241455,-1.586053994487429
261,1.2463626861572266,-0.7185419797897339,-0.9905028213631795
262,1.2372398376464844,-0.5146335363388062,-0.7762391575172387
263,1.2756328582763672,-0.31896787881851196,-0.45509761330981746
264,1.2757930755615234,-0.11008113622665405,-0.27346044874593645
265,1.2859439849853516,0.10559701919555664,-0.25495095261589995
266,1.2610130310058594,0.3157191276550293,-0.43813789762157285
267,1.24249267578125,0.5167871713638306,-0.7226428253040922
268,1.2378120422363281,0.7183592319488525,-0.975138269095396
269,1.18499755859375,0.8811808824539185,-1.5151059148979584
270,1.2305927276611328,0.9619275331497192,-2.303708554519062
271,1.2442760467529297,1.0423791408538818,-3.0932034041888983
272,1.203073501586914,1.1423842906951904,-3.8419086119879466
273,1.1645660400390625,1.2451717853546143,-4.585187174252496
274,1.6711711883544922,-1.3711400032043457,-4.369861355586636
275,1.7428398132324219,-1.2652640342712402,-3.6379546090622625
276,1.8164234161376953,-1.161881685256958,-2.8993321472901243
277,1.9087409973144531,-1.0539461374282837,-2.171059901440458
278,2.017627716064453,-0.9119996428489685,-1.546266640528529
279,2.022146224975586,-0.7093944549560547,-1.3091347834097178
280,2.0336055755615234,-0.5086561441421509,-1.0517881888772536
281,2.0580482482910156,-0.30966508388519287,-0.7751325853139406
282,2.082592010498047,-0.10746115446090698,-0.5308012497066557
283,2.0878772735595703,0.10503542423248291,-0.517086899790911
284,2.0666427612304688,0.31089508533477783,-0.7226573092334547
285,2.035602569580078,0.509177565574646,-1.0149999738916904
286,2.0242996215820312,0.7105960845947266,-1.2656559586539515
287,2.010852813720703,0.9125237464904785,-1.5142320511597518
288,1.9128246307373047,1.0678188800811768,-2.085918536670988
289,1.825429916381836,1.1765015125274658,-2.8119158400154447
290,1.7588138580322266,1.281630277633667,-3.5462394715527807
291,1.7022476196289062,1.3879024982452393,-4.277964686162477
292,2.239358901977539,-1.5082404613494873,-4.07856925860483
293,2.402585983276367,-1.382776141166687,-3.412333613405508
294,2.568185806274414,-1.2500643730163574,-2.7686011664591206
295,2.7282848358154297,-1.0956107378005981,-2.2075439539094077
296,2.7797298431396484,-0.9000474214553833,-1.8914968904564375
297,2.8003368377685547,-0.7003723382949829,-1.6246787717161624
298,2.8368072509765625,-0.5059385299682617,-1.308250298123312
299,2.873584747314453,-0.31208401918411255,-0.9887695778161287
300,2.7513465881347656,-0.10589450597763062,-1.052680398925986
301,2.8087844848632812,0.10174095630645752,-0.963587818226415
302,2.8743934631347656,0.31054139137268066,-0.9706250767060283
303,2.8421249389648438,0.5069452524185181,-1.2629329799337938
304,2.8005409240722656,0.7006893157958984,-1.5865590008245363
305,2.779592514038086,0.9011082649230957,-1.8460762535708
306,2.737781524658203,1.0983896255493164,-2.146273070324696
307,2.586977005004883,1.2590463161468506,-2.681560475752576
308,2.4266929626464844,1.3953478336334229,-3.3144492875828746
309,2.2681236267089844,1.5236656665802002,-3.972995897481269
310,3.0259971618652344,-1.58168363571167,-4.02951991461623
311,3.220365524291992,-1.4291729927062988,-3.4742350307151355
312,3.380573272705078,-1.2624330520629883,-2.9778823586043472
313,3.48077392578125,-1.0782039165496826,-2.5775880716212214
314,3.540447235107422,-0.8854526281356812,-2.243354986460645
315,3.5994644165039062,-0.695415735244751,-1.890374868728486
316,3.6462860107421875,-0.504523754119873,-1.548275078733468
317,3.4623851776123047,-0.30184662342071533,-1.59673830638053
318,3.349885940551758,-0.09603947401046753,-1.6484497965859646
319,3.24273681640625,0.11043894290924072,-1.6878489812379485
320,3.5179977416992188,0.29824674129486084,-1.5206754685355008
321,3.6509475708007812,0.5042616128921509,-1.5083090896457634
322,3.6027565002441406,0.6958863735198975,-1.8446703468273427
323,3.5410633087158203,0.8860102891921997,-2.197470863835406
324,3.4859695434570312,1.0798003673553467,-2.522535621709494
325,3.3961315155029297,1.2665462493896484,-2.9060353097991083
326,3.247629165649414,1.4374687671661377,-3.3823914690319725
327,3.060117721557617,1.593334436416626,-3.9243945897076173
328,3.8190555572509766,-1.5831377506256104,-4.31315870332287
329,3.9803466796875,-1.4138081073760986,-3.832776011727219
330,4.109092712402344,-1.2367726564407349,-3.3903672861342784
331,4.215761184692383,-1.0544252395629883,-2.9794697972624817
332,4.311836242675781,-0.8707589507102966,-2.5768204233650067
333,4.379840850830078,-0.6820724010467529,-2.2107555238467285
334,4.206647872924805,-0.4773622155189514,-2.179841990610612
335,3.7552967071533203,-0.3095455765724182,-2.396284037432679
336,3.7170467376708984,-0.10209226608276367,-2.4115520301713786
337,3.6858959197998047,0.1077265739440918,-2.4108761134677934
338,3.8451900482177734,0.3079947233200073,-2.3079706921328125
339,4.264017105102539,0.4791524410247803,-2.08896981779003
340,4.391204833984375,0.6852813959121704,-2.1468070445205285
341,4.316806793212891,0.8724969625473022,-2.5217428679757177
342,4.2200927734375,1.055884599685669,-2.9246471590299734
343,4.117433547973633,1.2391695976257324,-3.328670575026308
344,3.9974536895751953,1.4182765483856201,-3.75901129067438
345,3.846883773803711,1.5905218124389648,-4.225417956030469
346,4.512104034423828,-1.5475072860717773,-4.773625026449736
347,4.665655136108398,-1.3763736486434937,-4.303080785272414
348,4.808818817138672,-1.2029387950897217,-3.8432768605150613
349,4.945241928100586,-1.0280641317367554,-3.390140371240932
350,5.047492980957031,-0.8456855416297913,-2.979285368561932
351,4.994571685791016,-0.6423138380050659,-2.775325572064503
352,4.639429092407227,-0.4546980857849121,-2.907733791915689
353,4.115255355834961,-0.30409151315689087,-3.1674673380071
354,3.9871578216552734,-0.10020327568054199,-3.219268628574582
355,4.022422790527344,0.10940682888031006,-3.193281562512311
356,4.163089752197266,0.31348514556884766,-3.099536743701492
357,4.699794769287109,0.45842039585113525,-2.815443159612869
358,5.035219192504883,0.6480978727340698,-2.6807995866633973
359,5.064626693725586,0.8504626750946045,-2.904163020530177
360,4.954256057739258,1.0306990146636963,-3.3272260444712174
361,4.814064025878906,1.2045516967773438,-3.784797512916157
362,4.674343109130859,1.3789403438568115,-4.239110097254525
363,4.5305633544921875,1.552555799484253,-4.697350723236013
364,5.17755126953125,-1.5049490928649902,-5.2658401227392915
365,5.33863639831543,-1.3356144428253174,-4.787206124215345
366,5.503091812133789,-1.167529821395874,-4.302570950958852
367,5.652866363525391,-0.9960184693336487,-3.833361162473466
368,5.711917877197266,-0.8055258393287659,-3.478886303231093
369,5.525402069091797,-0.601087212562561,-3.4191864431845715
370,5.055517196655273,-0.4361001253128052,-3.6449348974197164
371,4.517580032348633,-0.28926461935043335,-3.913377147439178
372,4.21833610534668,-0.09528815746307373,-4.0370583170517875
373,4.246137619018555,0.11523544788360596,-4.013172386342376
374,4.564609527587891,0.3037588596343994,-3.8480217957742298
375,5.122341156005859,0.44214296340942383,-3.549166190879305
376,5.580060958862305,0.6084452867507935,-3.314371074364317
377,5.748956680297852,0.8137259483337402,-3.3800943178350735
378,5.671840667724609,1.0012304782867432,-3.7562168579027
379,5.513086318969727,1.1701953411102295,-4.237392303232127
380,5.346179962158203,1.3377354145050049,-4.72423386172818
381,5.187875747680664,1.5080358982086182,-5.198226243689078
382,5.855136871337891,-1.4649401903152466,-5.744905742358242
383,6.01702880859375,-1.2958084344863892,-5.264864871495547
384,6.188201904296875,-1.129502773284912,-4.772640119253083
385,6.329870223999023,-0.9558516144752502,-4.31431355529071
386,6.321533203125,-0.7572214603424072,-4.035006427058761
387,6.027919769287109,-0.560554027557373,-4.085188414323511
388,5.482341766357422,-0.4175894260406494,-4.374758854901756
389,4.927480697631836,-0.275662899017334,-4.656437485167999
390,4.547996520996094,-0.0922580361366272,-4.821740639792097
391,4.565908432006836,0.11832714080810547,-4.800246488618086
392,4.978780746459961,0.2941168546676636,-4.589555527348239
393,5.549083709716797,0.4283956289291382,-4.280362259269623
394,6.093528747558594,0.5692625045776367,-3.9732981288073006
395,6.372814178466797,0.7671916484832764,-3.922105163273045
396,6.361730575561523,0.9640133380889893,-4.221786352141635
397,6.208806991577148,1.1348035335540771,-4.694230884851322
398,6.028907775878906,1.2987396717071533,-5.196604043600473
399,5.860748291015625,1.4665415287017822,-5.682391172038933
0,-6.076860427856445,-1.5201780796051025,-7.057278166778133
1,6.068452835083008,-1.518149733543396,-7.107134748429871
2,-6.069619178771973,1.5174038410186768,-7.107844460968636
3,6.077095031738281,1.520202875137329,-7.054435454241911
4,-6.273287773132324,1.3577549457550049,-6.590718937366091
5,-6.485617637634277,1.200861930847168,-6.063248025817529
6,-6.701363563537598,1.0457892417907715,-5.529257414865242
7,-6.860165596008301,0.8767303228378296,-5.048375510504229
8,-6.760576248168945,0.6748009920120239,-4.83128458364672
9,-6.280187606811523,0.5071753263473511,-5.002945217665683
10,-5.624794006347656,0.3980543613433838,-5.305295311918144
11,-5.021055221557617,0.2655099630355835,-5.56183563438276
12,-4.59456729888916,0.08725357055664062,-5.704962927557517
13,-4.6247453689575195,-0.12311112880706787,-5.6786736301692144
14,-5.102481842041016,-0.2899688482284546,-5.485810454754073
15,-5.722426414489746,-0.41500186920166016,-5.20701798881214
16,-6.380369186401367,-0.5193595886230469,-4.883601502099509
17,-6.839424133300781,-0.690538763999939,-4.710727114799965
18,-6.910186767578125,-0.8914848566055298,-4.952591354439164
19,-6.734990119934082,-1.0563029050827026,-5.451673764437146
20,-6.507441520690918,-1.207478642463684,-5.999258991489114
21,-6.285526275634766,-1.3617706298828125,-6.535723457576523
22,-5.44154167175293,-1.5720529556274414,-6.537375591119144
23,-4.822567939758301,-1.627253770828247,-6.002594157623662
24,-4.216104507446289,-1.6838887929916382,-5.456592506848665
25,-3.5554656982421875,-1.7274118661880493,-4.9589623521681006
26,-2.7519054412841797,-1.7095272541046143,-4.71654192964138
27,-2.0679216384887695,-1.5944544076919556,-4.888895861079163
28,-1.6475830078125,-1.4299583435058594,-5.208364028647566
29,-1.1468133926391602,-1.2747523784637451,-5.483684213923652
30,-0.4804105758666992,-1.1545275449752808,-5.672198348148868
31,0.3613452911376953,-1.1496691703796387,-5.696769851514773
32,1.0758934020996094,-1.2555136680603027,-5.553142379979363
33,1.6004180908203125,-1.4075350761413574,-5.294932543256891
34,2.030912399291992,-1.572197675704956,-4.990843411885635
35,2.7020320892333984,-1.692164421081543,-4.819802690043389
36,3.5086917877197266,-1.7158455848693848,-5.0431728830772045
37,4.181455612182617,-1.675392985343933,-5.528044627179952
38,4.800802230834961,-1.6214218139648438,-6.0631562942649
39,5.428924560546875,-1.5686430931091309,-6.590490091282163
40,6.272838592529297,-1.3586777448654175,-6.589384484674156
41,6.485746383666992,-1.2019436359405518,-6.061388289287379
42,6.701728820800781,-1.046944499015808,-5.527135036415984
43,6.860324859619141,-0.8778172135353088,-5.046550535404549
44,6.760908126831055,-0.6758522987365723,-4.829869020950355
45,6.281625747680664,-0.5080145597457886,-5.001344260673477
46,5.626441955566406,-0.39899635314941406,-5.30480575510569
47,5.02263069152832,-0.2666453719139099,-5.5628746149157
48,4.596805572509766,-0.08833563327789307,-5.706862253494592
49,4.6270751953125,0.12201786041259766,-5.679522388429859
50,5.103609085083008,0.2891174554824829,-5.487028070415818
51,5.722431182861328,0.4143441915512085,-5.207174415249256
52,6.379123687744141,0.5191274881362915,-4.8834170733989595
53,6.837806701660156,0.6903597116470337,-4.710375638114101
54,6.910001754760742,0.891438364982605,-4.950058597991301
55,6.735532760620117,1.0564582347869873,-5.448327976754399
56,6.508031845092773,1.2076282501220703,-5.995961483570909
57,6.285911560058594,1.361846685409546,-6.532696316339752
58,5.441287994384766,1.5719685554504395,-6.534973190035544
59,4.822000503540039,1.6271147727966309,-6.0004582608403325
60,4.215520858764648,1.6837637424468994,-5.454489440305224
61,3.555307388305664,1.7274141311645508,-4.95645566679309
62,2.7518177032470703,1.7097792625427246,-4.713496442094083
63,2.067197799682617,1.5949537754058838,-4.886021283898344
64,1.6473102569580078,1.4305527210235596,-5.206882805471423
65,1.1480216979980469,1.2752842903137207,-5.484308954076823
66,0.48195838928222656,1.1550886631011963,-5.674329416955743
67,-0.3597993850708008,1.150322675704956,-5.699304539153218
68,-1.074533462524414,1.2560701370239258,-5.555469464630278
69,-1.600625991821289,1.4076542854309082,-5.2963915577413445
70,-2.032278060913086,1.5720291137695312,-4.991518362993929
71,-2.704207420349121,1.6917047500610352,-4.8204641228176115
72,-3.5110931396484375,1.7154011726379395,-5.04297107366142
73,-4.184240341186523,1.6750259399414062,-5.527391884763347
74,-4.803308486938477,1.6209957599639893,-6.062715017216988
75,-5.430788040161133,1.5680701732635498,-6.590586650811247
76,-5.641086578369141,-1.4113579988479614,-6.024602971087688
77,-5.851234436035156,-1.2538964748382568,-5.4998395887346305
78,-6.071674346923828,-1.1006226539611816,-4.959555227676674
79,-6.260202407836914,-0.9394639134407043,-4.446247667854095
80,-6.286884307861328,-0.7466217875480652,-4.108232345939314
81,-5.955133438110352,-0.5538414716720581,-4.160798387977138
82,-5.341815948486328,-0.4290925860404968,-4.449380058977567
83,-4.730104446411133,-0.30164164304733276,-4.722142382328229
84,-4.336236000061035,-0.11977636814117432,-4.877076009124039
85,-4.30848503112793,0.09070360660552979,-4.902817813982438
86,-4.655760765075684,0.28061437606811523,-4.796010422077188
87,-5.24530029296875,0.41749119758605957,-4.54846461974671
88,-5.863554954528809,0.5431840419769287,-4.27594755759992
89,-6.225251197814941,0.7324999570846558,-4.2154501158431685
90,-6.226553916931152,0.9282244443893433,-4.5265098796189704
91,-6.0503644943237305,1.0931875705718994,-5.024671111709495
92,-5.837277412414551,1.249049186706543,-5.55596867739564
93,-5.630970001220703,1.4075469970703125,-6.077197980984238
94,-5.009540557861328,-1.4636034965515137,-5.501458892037363
95,-5.196798324584961,-1.3003861904144287,-4.998479339445566
96,-5.393335342407227,-1.14017653465271,-4.483054229150184
97,-5.582322120666504,-0.9794912934303284,-3.967305644432372
98,-5.6872358322143555,-0.7986866235733032,-3.5467174412217446
99,-5.505555152893066,-0.5946984887123108,-3.4573178012196877
100,-4.981668472290039,-0.4399014711380005,-3.6808936660504514
101,-4.364511489868164,-0.31474125385284424,-3.955937691073359
102,-4.152317047119141,-0.11476820707321167,-4.048578834466753
103,-4.117095947265625,0.09487497806549072,-4.075041939007406
104,-4.291751861572266,0.29764068126678467,-4.031151770657743
105,-4.881376266479492,0.4338655471801758,-3.7823719375455767
106,-5.429984092712402,0.5835498571395874,-3.5618541130008907
107,-5.642232894897461,0.785968542098999,-3.638912479590772
108,-5.5584869384765625,0.9706783294677734,-4.037091147291676
109,-5.379613876342773,1.134821891784668,-4.539411198299831
110,-5.186849594116211,1.2963337898254395,-5.050186967269838
111,-4.996860504150391,1.4589190483093262,-5.555728244168222
112,-4.394920349121094,-1.5184941291809082,-4.962620992725078
113,-4.554620742797852,-1.3492921590805054,-4.484441789583116
114,-4.710392951965332,-1.1788445711135864,-4.0122965914135875
115,-4.868720054626465,-1.0095220804214478,-3.5335254783583423
116,-5.005124092102051,-0.8367283344268799,-3.0690586939415425
117,-5.003726005554199,-0.6381998062133789,-2.7933049563798704
118,-4.61433219909668,-0.45459502935409546,-2.9159770789135564
119,-4.023392677307129,-0.31990110874176025,-3.175212377834896
120,-3.9863576889038086,-0.11065280437469482,-3.2107192478695197
121,-4.013525009155273,0.1001882553100586,-3.2285393089618992
122,-3.940866470336914,0.3093224763870239,-3.2576124175736823
123,-4.516036033630371,0.44999802112579346,-3.0155492653045712
124,-4.943700790405273,0.6279257535934448,-2.8871975112701875
125,-4.9821271896362305,0.8284049034118652,-3.1379384684180422
126,-4.851910591125488,1.003014326095581,-3.5942392134602414
127,-4.697805404663086,1.1739003658294678,-4.066470349610654
128,-4.541130065917969,1.3444314002990723,-4.538785492551369
129,-4.374171257019043,1.5121855735778809,-5.023467014381822
130,-3.7491941452026367,-1.565463900566101,-4.450494355943192
131,-3.9111223220825195,-1.3964548110961914,-3.9694869241943707
132,-4.032445907592773,-1.2183067798614502,-3.5343414063790988
133,-4.135942459106445,-1.0352264642715454,-3.1299809976262623
134,-4.243826866149902,-0.854444146156311,-2.7113220538067253
135,-4.345171928405762,-0.6756036281585693,-2.279372656404121
136,-4.245073318481445,-0.47012728452682495,-2.1514023125096173
137,-3.7294435501098633,-0.3164774179458618,-2.372594122567307
138,-3.693368911743164,-0.10798996686935425,-2.4095571103005113
139,-3.7459354400634766,0.10119342803955078,-2.4147877399909703
140,-3.635392189025879,0.30914223194122314,-2.4643227784108603
141,-4.137683868408203,0.4692891836166382,-2.2557667483290516
142,-4.334902763366699,0.6720858812332153,-2.3233429691629226
143,-4.230991363525391,0.8496612310409546,-2.763691114405219
144,-4.122138023376465,1.0298583507537842,-3.1861767123623395
145,-4.014894485473633,1.2124550342559814,-3.5933325194821464
146,-3.8859167098999023,1.3893296718597412,-4.034770821807797
147,-3.716583251953125,1.5566315650939941,-4.522742126794128
148,-2.977296829223633,-1.5716503858566284,-4.113475528368554
149,-3.1880617141723633,-1.4227077960968018,-3.548688221210341
150,-3.3407840728759766,-1.252298355102539,-3.070533157950649
151,-3.412069320678711,-1.0620269775390625,-2.7124151076759517
152,-3.4609642028808594,-0.8664421439170837,-2.40313397042587
153,-3.5453901290893555,-0.6820769309997559,-2.0069135299747813
154,-3.625469207763672,-0.5018080472946167,-1.5844008953495177
155,-3.519407272338867,-0.2949165105819702,-1.5521838084707724
156,-3.2384443283081055,-0.1064712405204773,-1.6896585068129752
157,-3.39121150970459,0.09765231609344482,-1.6406043348479216
158,-3.409968376159668,0.305711030960083,-1.645043176399895
159,-3.632049560546875,0.5055748224258423,-1.583609107211032
160,-3.535914421081543,0.6783300638198853,-2.0516428006321803
161,-3.4498138427734375,0.8617591857910156,-2.4532599531637516
162,-3.4013051986694336,1.0570366382598877,-2.763869749534024
163,-3.31795597076416,1.2452561855316162,-3.134971194089303
164,-3.1493234634399414,1.4109559059143066,-3.6327230137765127
165,-2.9355506896972656,1.5573019981384277,-4.2068389370394925
166,-2.205850601196289,-1.4888551235198975,-4.164308326859327
167,-2.3723249435424805,-1.3768298625946045,-3.460662623307144
168,-2.5465965270996094,-1.251908302307129,-2.7950536494515745
169,-2.696213722229004,-1.0872365236282349,-2.281269085555323
170,-2.7228498458862305,-0.8873758912086487,-2.007876228479745
171,-2.7464513778686523,-0.6877211928367615,-1.7387638553284432
172,-2.8109865188598633,-0.500491201877594,-1.3615627453209527
173,-2.862560272216797,-0.3094146251678467,-1.0202373627491852
174,-2.838747024536133,-0.10077643394470215,-0.9467352836154532
175,-2.7791147232055664,0.10599470138549805,-1.0552585383525184
176,-2.8726892471313477,0.31374847888946533,-0.992708241007449
177,-2.8098878860473633,0.4976224899291992,-1.393991297568391
178,-2.7415313720703125,0.6847453117370605,-1.7726813555143508
179,-2.715439796447754,0.8832283020019531,-2.0529965652299325
180,-2.6932125091552734,1.083367109298706,-2.320317759116733
181,-2.517223358154297,1.2366018295288086,-2.879743115624933
182,-2.3389883041381836,1.3586788177490234,-3.552581501422992
183,-2.176666259765625,1.4676003456115723,-4.265153167843664
184,-1.7060365676879883,-1.3353413343429565,-4.4498976180534555
185,-1.7506628036499023,-1.246145248413086,-3.6799551074277588
186,-1.8096942901611328,-1.1553654670715332,-2.9130561531587773
187,-1.874516487121582,-1.0638092756271362,-2.147234803234369
188,-1.9999980926513672,-0.9071112871170044,-1.588215962343611
189,-1.9971590042114258,-0.7037150859832764,-1.3621054098744025
190,-2.0174331665039062,-0.5054783821105957,-1.0772770077694531
191,-2.057612419128418,-0.30983954668045044,-0.7626812340386095
192,-2.0922117233276367,-0.10388612747192383,-0.5508991500901175
193,-2.0847063064575195,0.10748231410980225,-0.5632906344574167
194,-2.055790901184082,0.30984747409820557,-0.7893471135903383
195,-2.0141754150390625,0.5030814409255981,-1.1164087225258754
196,-1.9931745529174805,0.7019697427749634,-1.3938059032725505
197,-2.028630256652832,0.9077048301696777,-1.579015770412525
198,-1.8815526962280273,1.0351529121398926,-2.247558222761654
199,-1.8051948547363281,1.1297447681427002,-3.0074855790307993
200,-1.7396278381347656,1.2216041088104248,-3.7732267845460683
201,-1.6759271621704102,1.3127436637878418,-4.539291464483767
202,-1.190709114074707,-1.18296217918396,-4.717197568843858
203,-1.2460088729858398,-1.0921212434768677,-3.9500050736064622
204,-1.2698678970336914,-1.0074595212936401,-3.168316096267745
205,-1.2586212158203125,-0.9339807033538818,-2.3669299405912625
206,-1.171921730041504,-0.8823199272155762,-1.5435822856200048
207,-1.2329950332641602,-0.7165626287460327,-1.0199583057101336
208,-1.2365970611572266,-0.5155739784240723,-0.7607152820264673
209,-1.2614898681640625,-0.3183874487876892,-0.44734002074324053
210,-1.2908554077148438,-0.10375946760177612,-0.2625347380301264
211,-1.2807283401489258,0.10977470874786377,-0.28073814045296785
212,-1.2811059951782227,0.3196207284927368,-0.45410980932729217
213,-1.2413110733032227,0.5136239528656006,-0.7880368007806737
214,-1.258305549621582,0.7177947759628296,-0.9918594827468041
215,-1.2258529663085938,0.8550318479537964,-1.635418122540841
216,-1.2448081970214844,0.908649206161499,-2.4585205163082264
217,-1.248093605041504,0.9860165119171143,-3.2519849282186897
218,-1.1999616622924805,1.0731470584869385,-4.025147699139325
219,-1.1349477767944336,1.164149522781372,-4.790643643450721
220,-0.4647531509399414,-1.083467721939087,-4.8692691711976295
221,-0.44442081451416016,-1.0393677949905396,-4.038912260010193
222,-0.43233776092529297,-1.0002585649490356,-3.1998176770359805
223,-0.42664241790771484,-0.9222038984298706,-2.4055218875801074
224,-0.4255075454711914,-0.8085466623306274,-1.6850313741792888
225,-0.3993968963623047,-0.7098562717437744,-0.9403845633876244
226,-0.4144582748413086,-0.5226106643676758,-0.5487391134245172
227,-0.42729759216308594,-0.32244253158569336,-0.2590431454584632
228,-0.4450387954711914,-0.11115241050720215,-0.0812490501521097
229,-0.4504213333129883,0.11150586605072021,-0.08283842000082586
230,-0.4418926239013672,0.3195704221725464,-0.2749822269242941
231,-0.43340301513671875,0.5209058523178101,-0.5563161396717078
232,-0.4282054901123047,0.6928458213806152,-1.0561575075682867
233,-0.39461612701416016,0.8447427749633789,-1.6447525322173533
234,-0.4117765426635742,0.9346346855163574,-2.415201014775448
235,-0.41118431091308594,1.0018043518066406,-3.228534480985445
236,-0.3927927017211914,1.0260674953460693,-4.076019121441732
237,-0.37610340118408203,1.0769610404968262,-4.899841849296081
238,0.37720489501953125,-1.0767041444778442,-4.896682421504465
239,0.3932209014892578,-1.0261459350585938,-4.072487939463144
240,0.41059112548828125,-1.00149405002594,-3.2253499477162677
241,0.4090290069580078,-0.9343488216400146,-2.412002963172199
242,0.3910999298095703,-0.846499502658844,-1.638210624121939
243,0.42627906799316406,-0.6932332515716553,-1.0555327674151158
244,0.4320259094238281,-0.5210343599319458,-0.5569650197071496
245,0.44097137451171875,-0.3197203278541565,-0.2752072106270589
246,0.4477252960205078,-0.11100459098815918,-0.08340039646009245
247,0.4429893493652344,0.11103439331054688,-0.08117373371942449
248,0.41083717346191406,0.3225367069244385,-0.25908466605596914
249,0.4131793975830078,0.5223029851913452,-0.5501372954056478
250,0.39816856384277344,0.7091306447982788,-0.9452009526983147
251,0.4237823486328125,0.8088160753250122,-1.6875090916955742
252,0.4247264862060547,0.923130989074707,-2.4065772832329912
253,0.4317951202392578,1.000060796737671,-3.202835162319843
254,0.4448509216308594,1.0392892360687256,-4.041910433388239
255,0.4658336639404297,1.0836219787597656,-4.872003737061277
256,1.1360111236572266,-1.1639180183410645,-4.787536357804811
257,1.2000675201416016,-1.073468804359436,-4.02075327497073
258,1.2475471496582031,-0.986894965171814,-3.246281156835721
259,1.2432842254638672,-0.9103200435638428,-2.4512573085305576
260,1.2219581604003906,-0.8578938245773315,-1.6268851569557228
261,1.2565479278564453,-0.7181060910224915,-0.9924987068293376
262,1.2400054931640625,-0.513960599899292,-0.7885688437859244
263,1.2797527313232422,-0.32006531953811646,-0.4544825291095549
264,1.2787437438964844,-0.1101723313331604,-0.27980634099731105
265,1.2886734008789062,0.10610747337341309,-0.2613200191542546
266,1.2661285400390625,0.3181236982345581,-0.44735353907731223
267,1.2357044219970703,0.5153532028198242,-0.7600770235392247
268,1.2321834564208984,0.7163268327713013,-1.0190506461367477
269,1.1728878021240234,0.8812124729156494,-1.5472959651085603
270,1.257711410522461,0.9334074258804321,-2.3684855146047994
271,1.2696075439453125,1.0066189765930176,-3.1715044919180855
272,1.2466011047363281,1.0917844772338867,-3.9523427798055764
273,1.1914997100830078,1.1831200122833252,-4.71855133344161
274,1.6757984161376953,-1.3129116296768188,-4.537206744250852
275,1.738748550415039,-1.2222938537597656,-3.7700412856816
276,1.8034992218017578,-1.131066083908081,-3.0030370815259175
277,1.8799819946289062,-1.036997675895691,-2.2420784694861595
278,2.027690887451172,-0.9081258773803711,-1.5782712964432903
279,1.99188232421875,-0.702377438545227,-1.3936813414800326
280,2.012805938720703,-0.5034581422805786,-1.1166916419460904
281,2.0545082092285156,-0.3102269172668457,-0.7897690787324336
282,2.082843780517578,-0.10785001516342163,-0.5632133868341498
283,2.0907821655273438,0.10350370407104492,-0.5495955964474888
284,2.056619644165039,0.30954015254974365,-0.7604651928461408
285,2.0167369842529297,0.5052050352096558,-1.0753120213526017
286,1.9967994689941406,0.7034735679626465,-1.3600081369027066
287,2.0006351470947266,0.9069743156433105,-1.5845824272641948
288,1.8731155395507812,1.0622975826263428,-2.1494885026431803
289,1.8096637725830078,1.1543083190917969,-2.914543169906665
290,1.7502059936523438,1.2458057403564453,-3.6800980155308025
291,1.7046279907226562,1.3356950283050537,-4.448750490847942
292,2.175403594970703,-1.4680759906768799,-4.263761745029569
293,2.33807373046875,-1.359480857849121,-3.5504185679715192
294,2.516725540161133,-1.2375707626342773,-2.877182356913636
295,2.6923656463623047,-1.0839616060256958,-2.3192720194167578
296,2.7143001556396484,-0.8837655186653137,-2.052580393659582
297,2.7401866912841797,-0.6852483749389648,-1.7727083921824942
298,2.808542251586914,-0.49814021587371826,-1.3940135062600802
299,2.8711013793945312,-0.3143208622932434,-0.9925112595681185
300,2.7780227661132812,-0.10646146535873413,-1.054023541975539
301,2.8333072662353516,0.1006542444229126,-0.9536595674460386
302,2.8622875213623047,0.30947935581207275,-1.015921151799148
303,2.8107147216796875,0.5004117488861084,-1.3583811088376478
304,2.745878219604492,0.6874853372573853,-1.7368355615326436
305,2.7220802307128906,0.8870846033096313,-2.006490599237395
306,2.6947898864746094,1.086897373199463,-2.2803102494315226
307,2.5449562072753906,1.2514641284942627,-2.794467533110037
308,2.3710365295410156,1.3766202926635742,-3.459419902167838
309,2.2050819396972656,1.4889938831329346,-4.162293129487352
310,2.9340248107910156,-1.557931900024414,-4.205776782219573
311,3.1483802795410156,-1.4116979837417603,-3.6314117353715574
312,3.3169898986816406,-1.2459348440170288,-3.133981458916196
313,3.4000778198242188,-1.057633638381958,-2.763457440344837
314,3.448566436767578,-0.8623253107070923,-2.453116079465417
315,3.5348148345947266,-0.6789565086364746,-2.0511107576269296
316,3.630647659301758,-0.5060175657272339,-1.5840619714024342
317,3.405965805053711,-0.30633777379989624,-1.6476724923768415
318,3.3823776245117188,-0.09826123714447021,-1.647935134295949
319,3.240764617919922,0.10639333724975586,-1.692410453391858
320,3.5124549865722656,0.29563915729522705,-1.5565174001360447
321,3.6258468627929688,0.5022789239883423,-1.5785175232424535
322,3.5447731018066406,0.6819729804992676,-2.004654036994225
323,3.4600582122802734,0.866202712059021,-2.401755100350556
324,3.411062240600586,1.0618031024932861,-2.7108604992577057
325,3.339448928833008,1.252040147781372,-3.069157184661208
326,3.1868209838867188,1.4224743843078613,-3.5471838237472184
327,2.976743698120117,1.5716674327850342,-4.111129131811822
328,3.7146968841552734,-1.5571844577789307,-4.522570250832359
329,3.8844566345214844,-1.389965295791626,-4.03428898975767
330,4.013641357421875,-1.2131145000457764,-3.5927492999264814
331,4.121013641357422,-1.0305250883102417,-3.185602183164292
332,4.229949951171875,-0.8503355383872986,-2.7630654086567574
333,4.333728790283203,-0.6727014183998108,-2.323069705695616
334,4.135217666625977,-0.46995341777801514,-2.257241212338158
335,3.6317882537841797,-0.31013691425323486,-2.467229220236277
336,3.7423534393310547,-0.10212355852127075,-2.4194168038152384
337,3.695005416870117,0.10711538791656494,-2.4127319876167803
338,3.7239208221435547,0.31581807136535645,-2.376658313146436
339,4.235748291015625,0.4700428247451782,-2.155934816804802
340,4.344476699829102,0.6754810810089111,-2.27710833544711
341,4.243154525756836,0.8542962074279785,-2.7092653358372445
342,4.135154724121094,1.0350615978240967,-3.1280893964515144
343,4.031463623046875,1.218111515045166,-3.5325695390204146
344,3.910114288330078,1.3962595462799072,-3.967705400882778
345,3.7484817504882812,1.5653278827667236,-4.448461777855982
346,4.37202262878418,-1.5127017498016357,-5.02360316331783
347,4.539560317993164,-1.3450651168823242,-4.538459121343067
348,4.696674346923828,-1.1746152639389038,-4.065809882431722
349,4.850957870483398,-1.0037593841552734,-3.593441631750011
350,4.981077194213867,-0.8291116952896118,-3.1373591112435406
351,4.942340850830078,-0.628594160079956,-2.887207167223096
352,4.514564514160156,-0.45072323083877563,-3.016534172501224
353,3.9391555786132812,-0.31025969982147217,-3.2600254402054816
354,4.014562606811523,-0.10107171535491943,-3.2321120115379927
355,3.995149612426758,0.10969161987304688,-3.210964509073392
356,4.018987655639648,0.3191598653793335,-3.179234082221228
357,4.606779098510742,0.4546860456466675,-2.9197882835264863
358,4.99998664855957,0.6376711130142212,-2.7943893198914793
359,5.003986358642578,0.8364150524139404,-3.0676991357720453
360,4.867916107177734,1.0093209743499756,-3.531643533136503
361,4.709743499755859,1.1787054538726807,-4.010163591416131
362,4.553953170776367,1.3491580486297607,-4.4823107207762405
363,4.394231796264648,1.5183556079864502,-4.960558481183853
364,4.99504280090332,-1.4595086574554443,-5.555602716780413
365,5.185659408569336,-1.2970678806304932,-5.049527465686197
366,5.378814697265625,-1.1356526613235474,-4.5383895984821265
367,5.557746887207031,-0.9715108275413513,-4.0360569947351905
368,5.641256332397461,-0.7867392301559448,-3.638323466463362
369,5.4293365478515625,-0.5842958688735962,-3.561398352023616
370,4.881069183349609,-0.4346202611923218,-3.7828161113793612
371,4.2917327880859375,-0.29844218492507935,-4.032700585504244
372,4.111743927001953,-0.096080482006073,-4.07923938173667
373,4.152790069580078,0.11347377300262451,-4.050176894673086
374,4.363264083862305,0.31357765197753906,-3.958342023347541
375,4.977075576782227,0.4397315979003906,-3.6833018607057966
376,5.501731872558594,0.5942592620849609,-3.458529623309687
377,5.6851654052734375,0.7981922626495361,-3.546362102154717
378,5.581472396850586,0.9792615175247192,-3.9654478390928034
379,5.392978668212891,1.140103816986084,-4.480626722589022
380,5.196512222290039,1.3003301620483398,-4.996009346691608
381,5.009111404418945,1.4635052680969238,-5.499170431198081
382,5.629800796508789,-1.4082868099212646,-6.076500821184254
383,5.836706161499023,-1.2499446868896484,-5.554752027329187
384,6.050060272216797,-1.0941671133041382,-5.023143539959392
385,6.226161956787109,-0.9291722774505615,-4.525110732042549
386,6.224973678588867,-0.7334253787994385,-4.214371545903305
387,5.8639068603515625,-0.5440348386764526,-4.2749867902855385
388,5.246175765991211,-0.4182933568954468,-4.548333298787156
389,4.65605354309082,-0.28175026178359985,-4.797589170377705
390,4.307851791381836,-0.09198355674743652,-4.905750326880707
391,4.337625503540039,0.11845242977142334,-4.87837087240905
392,4.730524063110352,0.3004605770111084,-4.72362167431379
393,5.340003967285156,0.42854416370391846,-4.450447041773941
394,5.952198028564453,0.5536377429962158,-4.16158631373446
395,6.285137176513672,0.7462725639343262,-4.1077215460304615
396,6.259593963623047,0.9393017292022705,-4.444110805475475
397,6.071678161621094,1.100642442703247,-4.956727964665106
398,5.851350784301758,1.2539329528808594,-5.496981426673756
399,5.6410064697265625,1.4113261699676514,-6.022004554160048
0,-5.747014999389648,-1.4372525215148926,-7.415916672914591
1,5.722526550292969,-1.4318355321884155,-7.459107750273688
2,-5.7240095138549805,1.431105136871338,-7.460832303463121
3,5.74732780456543,1.4370665550231934,-7.4121431265180036
4,-5.984545707702637,1.2853279113769531,-6.904012123049597
5,-6.25562858581543,1.1427254676818848,-6.337820840338509
6,-6.524271011352539,1.001239538192749,-5.766290781264388
7,-6.723565101623535,0.8422360420227051,-5.245445784601543
8,-6.6039018630981445,0.6420543193817139,-5.0131979084637805
9,-6.056448936462402,0.48752260208129883,-5.179552596359599
10,-5.345783233642578,0.3989487886428833,-5.462794525401705
11,-4.724390029907227,0.267673134803772,-5.6836329275829485
12,-4.315911293029785,0.08441758155822754,-5.765024885838102
13,-4.348206520080566,-0.12600642442703247,-5.741100331317057
14,-4.809791564941406,-0.29856497049331665,-5.597496034068627
15,-5.4676513671875,-0.41566020250320435,-5.354384245313668
16,-6.18077278137207,-0.5013571977615356,-5.062130415422189
17,-6.704941749572754,-0.6608699560165405,-4.89524465011641
18,-6.779481887817383,-0.8596720695495605,-5.163870363241131
19,-6.559295654296875,-1.0124956369400024,-5.706298345844743
20,-6.283961296081543,-1.150875449180603,-6.287324069008946
21,-6.00916862487793,-1.2920453548431396,-6.857650030755394
22,-5.163848876953125,-1.5025663375854492,-6.859708679915457
23,-4.59686279296875,-1.5710680484771729,-6.291333220656497
24,-4.041232109069824,-1.6397571563720703,-5.712137300568429
25,-3.4280452728271484,-1.6945741176605225,-5.171567123304385
26,-2.632847785949707,-1.6754882335662842,-4.90342131103921
27,-1.9963006973266602,-1.5438904762268066,-5.069070148777428
28,-1.649200439453125,-1.3655716180801392,-5.355628897643555
29,-1.1764278411865234,-1.2013640403747559,-5.592824484051562
30,-0.4853191375732422,-1.085986852645874,-5.732159884519206
31,0.3566417694091797,-1.0785918235778809,-5.753112336735057
32,1.0899219512939453,-1.18035888671875,-5.667462103247317
33,1.6053104400634766,-1.3374789953231812,-5.443636149236227
34,1.9534225463867188,-1.5158705711364746,-5.159979014219061
35,2.5724620819091797,-1.6526634693145752,-4.996299990874149
36,3.371715545654297,-1.68116295337677,-5.236405881488736
37,4.003089904785156,-1.6306885480880737,-5.76208947615396
38,4.567878723144531,-1.5636850595474243,-6.335194421147435
39,5.138605117797852,-1.4963723421096802,-6.901990166510586
40,5.983755111694336,-1.2862365245819092,-6.901868501503941
41,6.255376815795898,-1.1437879800796509,-6.335298705438845
42,6.524221420288086,-1.0023460388183594,-5.763652774929824
43,6.723365783691406,-0.8432650566101074,-5.2430868353060305
44,6.604095458984375,-0.6430601477622986,-5.010926828339734
45,6.057701110839844,-0.48827075958251953,-5.176883690975728
46,5.346982955932617,-0.399982213973999,-5.461377031514758
47,4.724567413330078,-0.2692056894302368,-5.683978610697068
48,4.315858840942383,-0.08604049682617188,-5.766861448081272
49,4.349248886108398,0.12435758113861084,-5.7429687582048246
50,4.809579849243164,0.29712510108947754,-5.599136580467757
51,5.465984344482422,0.41454553604125977,-5.354458596151062
52,6.17793083190918,0.5004897117614746,-5.060453176402007
53,6.701251983642578,0.6602135896682739,-4.8941013852920605
54,6.777593612670898,0.8591336011886597,-5.160803632597435
55,6.558902740478516,1.0123333930969238,-5.7021095934730965
56,6.284173965454102,1.1508221626281738,-6.282958612699076
57,6.009525299072266,1.291943073272705,-6.853530801244688
58,5.163618087768555,1.5023088455200195,-6.856385100924399
59,4.596221923828125,1.5707793235778809,-6.288383327042993
60,4.04035758972168,1.6394951343536377,-5.709484810304502
61,3.4273147583007812,1.6944360733032227,-5.168932979350984
62,2.632112503051758,1.6756591796875,-4.900411550517674
63,1.994659423828125,1.5443394184112549,-5.066244816956441
64,1.6484508514404297,1.366100788116455,-5.354846765457978
65,1.178070068359375,1.2016606330871582,-5.594545174859832
66,0.48710060119628906,1.0862853527069092,-5.735310621953204
67,-0.354766845703125,1.079517126083374,-5.756996926590091
68,-1.085850715637207,1.1822984218597412,-5.672803776396222
69,-1.605280876159668,1.3384332656860352,-5.447630816954415
70,-1.9547061920166016,1.5164358615875244,-5.161882202537299
71,-2.575397491455078,1.6527023315429688,-4.997737762262204
72,-3.3748950958251953,1.6809356212615967,-5.237477692261564
73,-4.006553649902344,1.6304395198822021,-5.7627711864292905
74,-4.570914268493652,1.5633151531219482,-6.336042213812789
75,-5.1409149169921875,1.4958384037017822,-6.903234818840474
76,-5.403937339782715,-1.3518091440200806,-6.3167129272808324
77,-5.6560163497924805,-1.2044644355773926,-5.763629600642844
78,-5.916685104370117,-1.0616533756256104,-5.194896871126275
79,-6.143621444702148,-0.91109299659729,-4.645578400527256
80,-6.2006731033325195,-0.7240393161773682,-4.261627779436822
81,-5.815852165222168,-0.5373338460922241,-4.307143044660961
82,-5.138326644897461,-0.43141239881515503,-4.572885490247245
83,-4.482288360595703,-0.31421399116516113,-4.814160716759034
84,-4.168990135192871,-0.12142026424407959,-4.909199433259573
85,-4.123590469360352,0.08847939968109131,-4.9342112480781
86,-4.398968696594238,0.28716838359832764,-4.902342741099346
87,-5.013030052185059,0.4201298952102661,-4.6847632230246745
88,-5.695107460021973,0.5248311758041382,-4.423982971637997
89,-6.122304916381836,0.7053905725479126,-4.362193563382107
90,-6.10185432434082,0.8966506719589233,-4.71475171597217
91,-5.889841079711914,1.052269697189331,-5.2468739000366895
92,-5.636017799377441,1.1980266571044922,-5.806412231193917
93,-5.384848594665527,1.3459045886993408,-6.357767142261309
94,-4.8124847412109375,-1.4146250486373901,-5.765498993125902
95,-5.0293169021606445,-1.2584184408187866,-5.238808282572336
96,-5.256795883178711,-1.105664849281311,-4.699873823730968
97,-5.4734039306640625,-0.9523034691810608,-4.158872990967211
98,-5.607336044311523,-0.7788887619972229,-3.6974545908835807
99,-5.435258865356445,-0.5759923458099365,-3.561234200824174
100,-4.838422775268555,-0.437822163105011,-3.776951085582823
101,-4.1741180419921875,-0.3239123225212097,-4.02016426184332
102,-4.1093549728393555,-0.114998459815979,-4.058724344187567
103,-4.13006591796875,0.09610331058502197,-4.077017546972456
104,-4.084046363830566,0.3041658401489258,-4.116488185675962
105,-4.709990501403809,0.43188774585723877,-3.890711729177383
106,-5.328509330749512,0.5630196332931519,-3.6705685556055414
107,-5.555753707885742,0.7635818719863892,-3.7760598411293813
108,-5.444703102111816,0.9415227174758911,-4.215245409641511
109,-5.236259460449219,1.0980124473571777,-4.744991263695283
110,-5.012768745422363,1.2524771690368652,-5.277764258985826
111,-4.7935638427734375,1.4083478450775146,-5.8055393330510014
112,-4.239532470703125,-1.4796922206878662,-5.198354667862759
113,-4.416894912719727,-1.3151774406433105,-4.701311595119023
114,-4.587738037109375,-1.1482155323028564,-4.21518650832877
115,-4.764737129211426,-0.9832237958908081,-3.71995199556477
116,-4.920697212219238,-0.8167765140533447,-3.226283678362506
117,-4.958630561828613,-0.6248166561126709,-2.8850307154375514
118,-4.542808532714844,-0.4439067244529724,-2.9789763780688645
119,-3.9068078994750977,-0.3204649090766907,-3.2092592677897755
120,-3.9923057556152344,-0.11104917526245117,-3.2137830817273425
121,-4.0342302322387695,0.1003197431564331,-3.226165875737024
122,-3.871493339538574,0.30632519721984863,-3.3075182445852533
123,-4.41561222076416,0.44193482398986816,-3.091609206363728
124,-4.886702537536621,0.6128730773925781,-2.97034395616879
125,-4.901089668273926,0.8090560436248779,-3.2711037149772437
126,-4.743856430053711,0.9751148223876953,-3.766832612530152
127,-4.567724227905273,1.140857219696045,-4.259026465723309
128,-4.395630836486816,1.3081607818603516,-4.743766888866503
129,-4.211644172668457,1.471679449081421,-5.244547780981065
130,-3.6358118057250977,-1.5363245010375977,-4.6505261107975
131,-3.8022708892822266,-1.3692667484283447,-4.161553483494572
132,-3.9268808364868164,-1.192368745803833,-3.7210402214575424
133,-4.027183532714844,-1.0081285238265991,-3.3266602056307875
134,-4.148214340209961,-0.8306646943092346,-2.889403896509748
135,-4.284911155700684,-0.6637061238288879,-2.393945365638274
136,-4.225109100341797,-0.46077990531921387,-2.1922498900978553
137,-3.6632871627807617,-0.3158115744590759,-2.3887118391619424
138,-3.7055892944335938,-0.1064419150352478,-2.4075708807872616
139,-3.751276969909668,0.1034013032913208,-2.4174720948994946
140,-3.5781936645507812,0.3079042434692383,-2.500577019200591
141,-4.083995819091797,0.4604994058609009,-2.3081000819017845
142,-4.280745506286621,0.6622875928878784,-2.409027964081133
143,-4.135046005249023,0.8253293037414551,-2.922576922726421
144,-4.009029388427734,1.0009169578552246,-3.3698705948957013
145,-3.905862808227539,1.1848368644714355,-3.7652277931567824
146,-3.7713623046875,1.3602814674377441,-4.212002940654884
147,-3.592000961303711,1.5249392986297607,-4.709429354729082
148,-2.8866491317749023,-1.5500566959381104,-4.268153272412292
149,-3.108283042907715,-1.402714490890503,-3.700620777842232
150,-3.260061264038086,-1.2311828136444092,-3.228641662062728
151,-3.316237449645996,-1.038123369216919,-2.8911332776756353
152,-3.364053726196289,-0.842239260673523,-2.582366802715569
153,-3.479447364807129,-0.6653531193733215,-2.1380548888043904
154,-3.5987558364868164,-0.49844908714294434,-1.6388836440396517
155,-3.523233413696289,-0.2913966178894043,-1.5568843263465624
156,-3.2370128631591797,-0.1024852991104126,-1.6951691591377767
157,-3.39361572265625,0.10182583332061768,-1.6411537585684073
158,-3.3100337982177734,0.30898022651672363,-1.698659786114149
159,-3.604264259338379,0.5031002759933472,-1.622725372442801
160,-3.4702634811401367,0.6599749326705933,-2.1696539946970006
161,-3.3502378463745117,0.8361519575119019,-2.6176100652357945
162,-3.3073081970214844,1.0324513912200928,-2.9215649788616247
163,-3.2438182830810547,1.2243475914001465,-3.266685150926378
164,-3.063094139099121,1.3887791633605957,-3.7677817927010437
165,-2.829946517944336,1.5312325954437256,-4.35047509893252
166,-2.139920234680176,-1.4537705183029175,-4.311799145153373
167,-2.2968873977661133,-1.3594073057174683,-3.564704550299439
168,-2.4924983978271484,-1.2408357858657837,-2.8869078326829367
169,-2.6470861434936523,-1.0720590353012085,-2.397365504158415
170,-2.655928611755371,-0.8708670139312744,-2.1388959223027086
171,-2.6881790161132812,-0.6731051802635193,-1.8479292309339144
172,-2.7847909927368164,-0.49383097887039185,-1.4176319670739304
173,-2.856265068054199,-0.3075621724128723,-1.0389892232972215
174,-2.839651107788086,-0.09920507669448853,-0.9490894049345115
175,-2.7822914123535156,0.10765612125396729,-1.0530231852542329
176,-2.8698225021362305,0.31549978256225586,-0.9781238897346611
177,-2.780742645263672,0.48905134201049805,-1.4463680829292116
178,-2.68001651763916,0.6687188148498535,-1.876191239501395
179,-2.6461095809936523,0.8663208484649658,-2.1688815184643317
180,-2.6590518951416016,1.0692658424377441,-2.403286534481822
181,-2.4613399505615234,1.2218594551086426,-2.9593873464036733
182,-2.259967803955078,1.3336546421051025,-3.6555255465696064
183,-2.103790283203125,1.425987720489502,-4.406643777000454
184,-1.7150640487670898,-1.2841365337371826,-4.572806311433396
185,-1.7423295974731445,-1.2101727724075317,-3.7752168764404814
186,-1.7667160034179688,-1.137498140335083,-2.9753071159636875
187,-1.836989402770996,-1.0591084957122803,-2.187122579103516
188,-1.9857816696166992,-0.9004042744636536,-1.643122607366422
189,-1.9715204238891602,-0.6971648931503296,-1.4171539974049665
190,-2.008798599243164,-0.5029952526092529,-1.0931118049438737
191,-2.05490779876709,-0.30860304832458496,-0.7704851751791466
192,-2.0896167755126953,-0.10339242219924927,-0.5599419499887972
193,-2.088728904724121,0.10757672786712646,-0.5575656199780497
194,-2.051201820373535,0.30905747413635254,-0.7874497188438454
195,-1.9877471923828125,0.495988130569458,-1.1629320692336478
196,-1.9622774124145508,0.6942968368530273,-1.4448269928450372
197,-2.026609420776367,0.9003924131393433,-1.6133378550252928
198,-1.8512592315673828,1.021484613418579,-2.294656098667474
199,-1.7754430770874023,1.104729413986206,-3.0776592511970193
200,-1.7327728271484375,1.1794707775115967,-3.8751453674938148
201,-1.6871652603149414,1.255314826965332,-4.669229691580995
202,-1.2421760559082031,-1.1203595399856567,-4.80828989739075
203,-1.283644676208496,-1.0441163778305054,-4.013178179914121
204,-1.2753267288208008,-0.9767960906028748,-3.2032049853162334
205,-1.2619733810424805,-0.9173816442489624,-2.3799056101095175
206,-1.1582756042480469,-0.8830597996711731,-1.5483909501683684
207,-1.226419448852539,-0.714938759803772,-1.0383181345700905
208,-1.2316255569458008,-0.5146588087081909,-0.7708752756766444
209,-1.270411491394043,-0.3184257745742798,-0.45063076949440983
210,-1.2911109924316406,-0.10214561223983765,-0.26312857913399057
211,-1.282571792602539,0.1091533899307251,-0.281025887849637
212,-1.2756872177124023,0.3179938793182373,-0.45736289986211887
213,-1.2396049499511719,0.511986255645752,-0.7873541249100526
214,-1.2671194076538086,0.7166242599487305,-0.97830735283992
215,-1.2400436401367188,0.8338810205459595,-1.6803463058281523
216,-1.2376317977905273,0.8929203748703003,-2.493333123328739
217,-1.235377311706543,0.9689360857009888,-3.2971699598533633
218,-1.2310447692871094,1.0216493606567383,-4.106857338245163
219,-1.1622600555419922,1.1008179187774658,-4.8916980186131696
220,-0.47087764739990234,-1.0421428680419922,-4.899554101899412
221,-0.4470090866088867,-1.0294021368026733,-4.047585236912482
222,-0.4378538131713867,-0.9977061152458191,-3.2042526562067906
223,-0.4243316650390625,-0.9257220029830933,-2.3972409423658974
224,-0.4118986129760742,-0.8070001602172852,-1.6903827032811023
225,-0.3946542739868164,-0.7103167176246643,-0.9394894565530194
226,-0.4130373001098633,-0.5216497778892517,-0.560390951799036
227,-0.4063997268676758,-0.3231359124183655,-0.2588587167579135
228,-0.4438810348510742,-0.11093646287918091,-0.08104627514103413
229,-0.45391082763671875,0.11265361309051514,-0.08377311624235517
230,-0.4426126480102539,0.32005274295806885,-0.27478041750850934
231,-0.43341541290283203,0.5209546089172363,-0.5581362867949338
232,-0.4359283447265625,0.6946227550506592,-1.049976732111645
233,-0.4090137481689453,0.8474911451339722,-1.6362012203217091
234,-0.4197540283203125,0.9368327856063843,-2.411507612788
235,-0.4089536666870117,1.0076196193695068,-3.2195612039477055
236,-0.3983449935913086,1.0319452285766602,-4.069309199765712
237,-0.3687286376953125,1.0311810970306396,-4.926352268005985
238,0.3682231903076172,-1.030386209487915,-4.922486024461477
239,0.3976917266845703,-1.0319669246673584,-4.064925397145316
240,0.406463623046875,-1.0071907043457031,-3.2154921853921223
241,0.4146614074707031,-0.936830997467041,-2.4065570057318837
242,0.40085411071777344,-0.8495693206787109,-1.6272656015003122
243,0.4320964813232422,-0.6954107284545898,-1.0465894238313922
244,0.4312858581542969,-0.5211867094039917,-0.5589010382652759
245,0.4409599304199219,-0.3203691840171814,-0.2755229602871623
246,0.45224952697753906,-0.11297619342803955,-0.08397009768168573
247,0.4420146942138672,0.11079573631286621,-0.08035104653163216
248,0.4053459167480469,0.3228679895401001,-0.2576642753831493
249,0.41059112548828125,0.5212607383728027,-0.5618779685469235
250,0.39134979248046875,0.7092593908309937,-0.9464050500259873
251,0.4074726104736328,0.8078181743621826,-1.6934812985693952
252,0.41975975036621094,0.9267327785491943,-2.400017028827051
253,0.4357585906982422,0.9980260133743286,-3.2078099092582306
254,0.4464282989501953,1.0291779041290283,-4.051373267238432
255,0.4710350036621094,1.0420327186584473,-4.903210811265808
256,1.1615486145019531,-1.100206971168518,-4.883212367197302
257,1.2316036224365234,-1.021580457687378,-4.097050752471432
258,1.2326335906982422,-0.9681369662284851,-3.286693250947792
259,1.2333049774169922,-0.893509566783905,-2.4828680015666578
260,1.2326641082763672,-0.8410533666610718,-1.662448031517215
261,1.2641468048095703,-0.7166709303855896,-0.9812736615733684
262,1.2373485565185547,-0.5120415687561035,-0.7888681783260836
263,1.2739219665527344,-0.31779158115386963,-0.45656724934246995
264,1.2809581756591797,-0.1094965934753418,-0.28006608613054595
265,1.2900238037109375,0.10180747509002686,-0.2629895334121102
266,1.2688770294189453,0.31807053089141846,-0.4496844861093905
267,1.2300472259521484,0.5146076679229736,-0.7688060049683827
268,1.2240829467773438,0.7149143218994141,-1.0365317832820438
269,1.156881332397461,0.8822154998779297,-1.5512481466339523
270,1.2573699951171875,0.9167532920837402,-2.3829433728944878
271,1.2729244232177734,0.9762686491012573,-3.206058319400654
272,1.2829341888427734,1.0437843799591064,-4.015776596841761
273,1.2421875,1.1204197406768799,-4.810269367736964
274,1.6866798400878906,-1.2550373077392578,-4.663916020695524
275,1.7307891845703125,-1.1801718473434448,-3.8682683978324803
276,1.7710895538330078,-1.1062026023864746,-3.0695521131351597
277,1.8502082824707031,-1.022005558013916,-2.2890701299099874
278,2.02886962890625,-0.9003965258598328,-1.6101687712807689
279,1.9610919952392578,-0.6942471265792847,-1.4448839629671966
280,1.9863758087158203,-0.4959670901298523,-1.162794954702349
281,2.0499706268310547,-0.3092067241668701,-0.7857744110142448
282,2.085287094116211,-0.10731256008148193,-0.5612435724408442
283,2.0883007049560547,0.10336875915527344,-0.5587233687317621
284,2.054170608520508,0.308718204498291,-0.7664161566235634
285,2.007831573486328,0.5031977891921997,-1.0891663825855176
286,1.9701385498046875,0.6972812414169312,-1.413398797318905
287,1.984781265258789,0.9005414247512817,-1.6389927563075162
288,1.8346195220947266,1.057873249053955,-2.189077909567459
289,1.7658824920654297,1.13655686378479,-2.9768906922406586
290,1.7411632537841797,1.209749698638916,-3.7759632816002977
291,1.7131309509277344,1.2843546867370605,-4.572485733796839
292,2.102529525756836,-1.4260544776916504,-4.403491108375874
293,2.2584152221679688,-1.3344378471374512,-3.65087523964894
294,2.460155487060547,-1.2224459648132324,-2.9554264745206638
295,2.657907485961914,-1.0692648887634277,-2.4021480976339262
296,2.6439971923828125,-0.8661434650421143,-2.1702430078244106
297,2.678609848022461,-0.6686546802520752,-1.8764007736795065
298,2.7795886993408203,-0.4891585111618042,-1.4454314554971006
299,2.8683090209960938,-0.31565767526626587,-0.976775918708654
300,2.7806224822998047,-0.10783857107162476,-1.051709010063405
301,2.834627151489258,0.09935605525970459,-0.9555637213595674
302,2.8561859130859375,0.30800318717956543,-1.033031500352763
303,2.7843856811523438,0.49419915676116943,-1.4121599385607624
304,2.686727523803711,0.6731706857681274,-1.844261900019319
305,2.654020309448242,0.8708654642105103,-2.135954719046822
306,2.645702362060547,1.0720798969268799,-2.3940351660003216
307,2.4901199340820312,1.240426778793335,-2.8856380748754873
308,2.294828414916992,1.3590202331542969,-3.563483072256531
309,2.1384963989257812,1.4537670612335205,-4.309916234336242
310,2.827972412109375,-1.53163743019104,-4.348064007491303
311,3.0615501403808594,-1.3892549276351929,-3.76524807065789
312,3.2416858673095703,-1.2245464324951172,-3.265529333363247
313,3.3051090240478516,-1.0324962139129639,-2.921734923632812
314,3.3484954833984375,-0.8361380696296692,-2.618238667770129
315,3.469308853149414,-0.6602341532707214,-2.16856769999481
316,3.603029251098633,-0.5032005906105042,-1.6222087789622037
317,3.302907943725586,-0.3096807599067688,-1.7011432972021794
318,3.3866024017333984,-0.10246580839157104,-1.645690125244755
319,3.241422653198242,0.10247576236724854,-1.6964727127804053
320,3.515666961669922,0.29254257678985596,-1.560874166088297
321,3.599172592163086,0.4996356964111328,-1.6294555716199284
322,3.478269577026367,0.6655492782592773,-2.1336005977277637
323,3.362344741821289,0.8422253131866455,-2.5791001938466707
324,3.314756393432617,1.0380923748016357,-2.8878917742842987
325,3.25836181640625,1.2310726642608643,-3.225991102989383
326,3.106222152709961,1.4024522304534912,-3.69867800011707
327,2.885324478149414,1.5499911308288574,-4.265671692514843
328,3.5895309448242188,-1.525302767753601,-4.7080292415573695
329,3.7691211700439453,-1.3606722354888916,-4.2106086210549165
330,3.9037952423095703,-1.1851898431777954,-3.764222608459022
331,4.007167816162109,-1.0011855363845825,-3.369537464520363
332,4.133806228637695,-0.8256869316101074,-2.9217677538727003
333,4.2799072265625,-0.6628322005271912,-2.4073236883928075
334,4.0844879150390625,-0.46095842123031616,-2.3066265834879687
335,3.577360153198242,-0.30901771783828735,-2.5013118372169174
336,3.749753952026367,-0.10438740253448486,-2.419443840483382
337,3.7096405029296875,0.10553467273712158,-2.409041482415205
338,3.6555347442626953,0.3147770166397095,-2.393596785738282
339,4.212005615234375,0.4608731269836426,-2.1970614514320914
340,4.284263610839844,0.6641702651977539,-2.387866943282461
341,4.146932601928711,0.830756425857544,-2.8851784515170493
342,4.025718688964844,1.0080454349517822,-3.323412908667706
343,3.925302505493164,1.1922130584716797,-3.7182177864224286
344,3.8006114959716797,1.3690459728240967,-4.159059350858342
345,3.634418487548828,1.5361011028289795,-4.648081223521103
346,4.208946228027344,-1.472076177597046,-5.243496247709345
347,4.393512725830078,-1.308654546737671,-4.742483612724982
348,4.566019058227539,-1.1413824558258057,-4.257755742320569
349,4.742574691772461,-0.9756798148155212,-3.765505884600543
350,4.900411605834961,-0.8097723722457886,-3.2691667308238266
351,4.885927200317383,-0.6135621666908264,-2.9688327995386317
352,4.413928985595703,-0.442812979221344,-3.091296353489497
353,3.8702125549316406,-0.3073030710220337,-3.3084770807090536
354,4.033451080322266,-0.10129225254058838,-3.2279261559522183
355,3.995046615600586,0.11020123958587646,-3.2158146942192616
356,3.8995838165283203,0.3194013833999634,-3.2139481985220755
357,4.531394958496094,0.4442199468612671,-2.9831805799651647
358,4.952569961547852,0.6242150068283081,-2.8849949884117905
359,4.91900634765625,0.8166012763977051,-3.2227524963839187
360,4.763235092163086,0.9830179214477539,-3.716666074790055
361,4.58635139465332,1.1479930877685547,-4.212078257087569
362,4.415626525878906,1.3149402141571045,-4.6983742542443
363,4.238370895385742,1.4794273376464844,-5.195610446046203
364,4.791292190551758,-1.408872365951538,-5.804296611911695
365,5.011127471923828,-1.253122091293335,-5.276222203306361
366,5.23503303527832,-1.098728060722351,-4.743297609555157
367,5.443855285644531,-0.942303478717804,-4.2133769827537435
368,5.555009841918945,-0.7643617987632751,-3.7742667306742987
369,5.328100204467773,-0.5637743473052979,-3.6688256561055823
370,4.709131240844727,-0.432880163192749,-3.8901207848593913
371,4.0831451416015625,-0.3053194284439087,-4.117260661908631
372,4.131296157836914,-0.09726697206497192,-4.07867354289624
373,4.110569000244141,0.11388182640075684,-4.061088121459534
374,4.168476104736328,0.32298171520233154,-4.024178241467325
375,4.830137252807617,0.437691330909729,-3.7798980824104547
376,5.428134918212891,0.5753183364868164,-3.561893702407815
377,5.603639602661133,0.7781131267547607,-3.696121103786936
378,5.471580505371094,0.9518892765045166,-4.15591537259138
379,5.255613327026367,1.1054058074951172,-4.6965077585471136
380,5.028493881225586,1.2582030296325684,-5.23540552476743
381,4.811771392822266,1.4143743515014648,-5.762325081404924
382,5.383274078369141,-1.3466085195541382,-6.356112111932816
383,5.635030746459961,-1.1988732814788818,-5.804419242513632
384,5.889139175415039,-1.0531806945800781,-5.244733175276906
385,6.101263046264648,-0.8975533246994019,-4.7126583053816375
386,6.122014999389648,-0.7062886357307434,-4.360132017436172
387,5.695474624633789,-0.525625467300415,-4.421828728544142
388,5.013383865356445,-0.42107951641082764,-4.683684653084811
389,4.398777008056641,-0.2884190082550049,-4.90276277505086
390,4.123138427734375,-0.08975541591644287,-4.936097055681103
391,4.168098449707031,0.12015426158905029,-4.9117186713733645
392,4.479352951049805,0.3131190538406372,-4.817080676918522
393,5.133813858032227,0.4306931495666504,-4.574290431395411
394,5.81035041809082,0.5367857217788696,-4.307043588346005
395,6.196846008300781,0.7232620716094971,-4.260412094965659
396,6.141611099243164,0.9105579853057861,-4.642670993106549
397,5.915788650512695,1.0614030361175537,-5.191192847590628
398,5.655656814575195,1.2043123245239258,-5.759774944241826
399,5.403697967529297,1.3516125679016113,-6.313108360060141
0,-5.414980888366699,-1.3537871837615967,-7.7105275209110005
1,5.37580680847168,-1.3460015058517456,-7.757878382783019
2,-5.378643989562988,1.3450963497161865,-7.761035879384053
3,5.415180206298828,1.3534982204437256,-7.706027846855704
4,-5.695660591125488,1.212949514389038,-7.179440454998257
5,-6.01906681060791,1.0829880237579346,-6.592123878514258
6,-6.330619812011719,0.9520496129989624,-6.000990303845583
7,-6.578028678894043,0.806456446647644,-5.438345652637736
8,-6.478808403015137,0.6103286743164062,-5.146904853981141
9,-5.879491806030273,0.46775925159454346,-5.302237271632066
10,-5.122291564941406,0.40395021438598633,-5.569771862078142
11,-4.492365837097168,0.272003173828125,-5.754740330395407
12,-4.102102279663086,0.08511769771575928,-5.764132675789369
13,-4.12155818939209,-0.12550103664398193,-5.7483587111182715
14,-4.521162033081055,-0.30966717004776,-5.66135567862807
15,-5.218267440795898,-0.4165550470352173,-5.456769210786888
16,-5.982122421264648,-0.47910356521606445,-5.20174004495243
17,-6.563983917236328,-0.6267768144607544,-5.053130101716306
18,-6.629199028015137,-0.8216960430145264,-5.3671252751762495
19,-6.3668622970581055,-0.9625886082649231,-5.942878848052487
20,-6.052730560302734,-1.0921155214309692,-6.538361463911087
21,-5.729984283447266,-1.2216321229934692,-7.1278129715831255
22,-4.883626937866211,-1.4322891235351562,-7.129829134550391
23,-4.363046646118164,-1.5127952098846436,-6.542263434481356
24,-3.8429832458496094,-1.5912704467773438,-5.948438745737121
25,-3.2776947021484375,-1.6567822694778442,-5.374272611519018
26,-2.497659683227539,-1.640101671218872,-5.061477673005584
27,-1.9087066650390625,-1.4939831495285034,-5.206632716291097
28,-1.654031753540039,-1.302947998046875,-5.45632117457194
29,-1.22174072265625,-1.1290277242660522,-5.655392162111866
30,-0.4837322235107422,-1.0295414924621582,-5.7383097609265405
31,0.3588371276855469,-1.0250474214553833,-5.750256105864764
32,1.107675552368164,-1.1219048500061035,-5.733362050656297
33,1.624979019165039,-1.2812840938568115,-5.544538925938014
34,1.8725414276123047,-1.471153736114502,-5.276253102355668
35,2.444669723510742,-1.6207647323608398,-5.124261644411035
36,3.2264556884765625,-1.643873691558838,-5.425622003490389
37,3.805023193359375,-1.5817759037017822,-5.992018957998425
38,4.327930450439453,-1.5043911933898926,-6.584961092646836
39,4.84727668762207,-1.4242969751358032,-7.1741914789972725
40,5.693828582763672,-1.2139544486999512,-7.1764770430506815
41,6.018329620361328,-1.0840768814086914,-6.589518702419582
42,6.3307952880859375,-0.953048825263977,-5.99918464065172
43,6.578531265258789,-0.8072589635848999,-5.437476616875983
44,6.480140686035156,-0.6111295223236084,-5.145780901062608
45,5.881366729736328,-0.46838754415512085,-5.30065948892684
46,5.123720169067383,-0.4050675630569458,-5.568869996076501
47,4.492509841918945,-0.27360332012176514,-5.754938277430028
48,4.09971809387207,-0.08706098794937134,-5.765360912999313
49,4.118471145629883,0.12355959415435791,-5.75064330957639
50,4.517772674560547,0.30773210525512695,-5.6625346704781805
51,5.2137298583984375,0.4149031639099121,-5.456297034689669
52,5.975879669189453,0.4783109426498413,-5.199526900545834
53,6.558889389038086,0.6256921291351318,-5.051048278269263
54,6.625492095947266,0.820740818977356,-5.363401939734786
55,6.365015029907227,0.962108850479126,-5.938103979339303
56,6.051904678344727,1.0918142795562744,-6.533403132092644
57,5.729824066162109,1.2213759422302246,-7.1230129973923795
58,4.883245468139648,1.4319562911987305,-7.125791980639406
59,4.362131118774414,1.5124409198760986,-6.538698456667589
60,3.841510772705078,1.5908927917480469,-5.945391326999243
61,3.2757129669189453,1.6564316749572754,-5.371810343527386
62,2.4956588745117188,1.6400749683380127,-5.0587575910712985
63,1.9061660766601562,1.4941761493682861,-5.205056864776452
64,1.6521854400634766,1.303252935409546,-5.456819421742011
65,1.2222423553466797,1.1291358470916748,-5.658310191080773
66,0.4843883514404297,1.0296940803527832,-5.743315406914235
67,-0.35825443267822266,1.0265367031097412,-5.757114729215573
68,-1.1034059524536133,1.12516450881958,-5.741676791705686
69,-1.6238746643066406,1.283914566040039,-5.55246936006165
70,-1.8747663497924805,1.473172664642334,-5.2803114993630516
71,-2.450559616088867,1.621795415878296,-5.126594522633695
72,-3.232571601867676,1.644226312637329,-5.428223317203901
73,-3.8099775314331055,1.581777811050415,-5.99513107162079
74,-4.331928253173828,1.504117488861084,-6.588354194498834
75,-4.850752830505371,1.4237415790557861,-7.177506367630713
76,-5.164435386657715,-1.2915372848510742,-6.563809727801072
77,-5.4550065994262695,-1.1533275842666626,-5.9923482259926
78,-5.754066467285156,-1.0192182064056396,-5.4080317540772285
79,-6.01414680480957,-0.8782459497451782,-4.832861400756656
80,-6.107412338256836,-0.6989536881446838,-4.3985955402513355
81,-5.680987358093262,-0.5177510976791382,-4.420558970736693
82,-4.945372581481934,-0.4334198832511902,-4.653219156063642
83,-4.253480911254883,-0.324748158454895,-4.8547794482633435
84,-4.069452285766602,-0.12107354402542114,-4.902479855630645
85,-4.082612991333008,0.0900188684463501,-4.914929275715394
86,-4.202458381652832,0.2963263988494873,-4.962312967827302
87,-4.8333940505981445,0.42689716815948486,-4.7753225429710255
88,-5.566706657409668,0.5090640783309937,-4.528339682695105
89,-6.035955429077148,0.6831459999084473,-4.4839184369354825
90,-5.980408668518066,0.8672187328338623,-4.8909091272605565
91,-5.728328704833984,1.0110018253326416,-5.457804328938664
92,-5.4315338134765625,1.1462628841400146,-6.038698731143313
93,-5.137969970703125,1.2841472625732422,-6.610026980801649
94,-4.609231948852539,-1.3639543056488037,-5.994245620739093
95,-4.854098320007324,-1.2142572402954102,-5.4505285684222144
96,-5.116217613220215,-1.0691354274749756,-4.894529144005901
97,-5.357776641845703,-0.9229878187179565,-4.332712973557591
98,-5.521921157836914,-0.7579353451728821,-3.8330685871003425
99,-5.371636390686035,-0.5567018985748291,-3.6423606203743475
100,-4.716498374938965,-0.4336007833480835,-3.8328329818493785
101,-4.024142265319824,-0.3279111981391907,-4.033067511714762
102,-4.103987693786621,-0.1184040904045105,-4.048396336956785
103,-4.177894592285156,0.09330379962921143,-4.060075211999447
104,-4.004632949829102,0.2970402240753174,-4.138665978315885
105,-4.591767311096191,0.43314266204833984,-3.9601525145178584
106,-5.2568464279174805,0.5495073795318604,-3.751080856550743
107,-5.490242004394531,0.7482328414916992,-3.888543967749456
108,-5.340017318725586,0.9163132905960083,-4.375580576494258
109,-5.098830223083496,1.0626273155212402,-4.936656135354497
110,-4.837030410766602,1.2081496715545654,-5.491262205766134
111,-4.587075233459473,1.3569574356079102,-6.036943278904573
112,-4.070786476135254,-1.4385919570922852,-5.411611215820358
113,-4.271706581115723,-1.2795637845993042,-4.896228591717772
114,-4.456125259399414,-1.1149111986160278,-4.4042790341331965
115,-4.652669906616211,-0.9553917050361633,-3.8896418495951366
116,-4.828976631164551,-0.7952680587768555,-3.3703640140893185
117,-4.914339065551758,-0.6126316785812378,-2.9613127434136004
118,-4.496551513671875,-0.43091684579849243,-3.009548090572025
119,-3.8227767944335938,-0.3181915879249573,-3.2053119142408377
120,-3.998159408569336,-0.11250263452529907,-3.197448106192269
121,-4.045694351196289,0.09998965263366699,-3.215129121562768
122,-3.8423643112182617,0.3032327890396118,-3.3060215718844574
123,-4.377054214477539,0.4368875026702881,-3.1355225490003704
124,-4.867792129516602,0.6045101881027222,-3.024162375298829
125,-4.827854156494141,0.793265700340271,-3.391782848830644
126,-4.641363143920898,0.9501082897186279,-3.9234232008450363
127,-4.442105293273926,1.1086974143981934,-4.442006773336743
128,-4.255816459655762,1.2731266021728516,-4.934983724310769
129,-4.04759407043457,1.4308619499206543,-5.454076165520746
130,-3.5049877166748047,-1.503509521484375,-4.838150931759856
131,-3.684968948364258,-1.339774250984192,-4.336448861737836
132,-3.815852165222168,-1.1637473106384277,-3.8920683905610076
133,-3.905837059020996,-0.977385401725769,-3.510474787575504
134,-4.050868988037109,-0.8054860234260559,-3.04398218423853
135,-4.223300933837891,-0.6512068510055542,-2.494217608615145
136,-4.220945358276367,-0.4537784457206726,-2.2090068307750244
137,-3.6272153854370117,-0.3131239414215088,-2.3732961103437447
138,-3.729517936706543,-0.10509419441223145,-2.388573759035353
139,-3.7598400115966797,0.10524356365203857,-2.405552786629414
140,-3.5599679946899414,0.3078094720840454,-2.504947303486915
141,-4.097141265869141,0.4506525993347168,-2.328540768613493
142,-4.234126091003418,0.6531826257705688,-2.4921000581423414
143,-4.053596496582031,0.8037248849868774,-3.055850315958196
144,-3.898209571838379,0.9724814891815186,-3.5375230428624036
145,-3.809199333190918,1.1584959030151367,-3.922017294101579
146,-3.673539161682129,1.333618402481079,-4.371226707327878
147,-3.476137161254883,1.49418044090271,-4.883853522470417
148,-2.7865543365478516,-1.5264601707458496,-4.405625073968622
149,-3.0237512588500977,-1.3806962966918945,-3.8380336780858215
150,-3.1736679077148438,-1.2076025009155273,-3.374642566823013
151,-3.215998649597168,-1.0132192373275757,-3.046951389757851
152,-3.2754697799682617,-0.8197149038314819,-2.7150444236528983
153,-3.419900894165039,-0.650255024433136,-2.2314115383082935
154,-3.5695438385009766,-0.4930616021156311,-1.688505586035717
155,-3.537321090698242,-0.287506103515625,-1.533868396994194
156,-3.235136032104492,-0.09925645589828491,-1.69222795588189
157,-3.3838891983032227,0.10597479343414307,-1.6370306666765373
158,-3.2084217071533203,0.3093132972717285,-1.737746117891902
159,-3.5806503295898438,0.495625376701355,-1.675459428061231
160,-3.428018569946289,0.6488380432128906,-2.2366305808552625
161,-3.2813682556152344,0.8184309005737305,-2.7190777151827206
162,-3.224663734436035,1.0116159915924072,-3.054253221347153
163,-3.186634063720703,1.2056770324707031,-3.385639731590345
164,-3.005430221557617,1.3717963695526123,-3.87934377581837
165,-2.744664192199707,1.5096609592437744,-4.468897636591237
166,-2.062030792236328,-1.4197173118591309,-4.423652738048531
167,-2.2193479537963867,-1.3433557748794556,-3.6442995357183463
168,-2.4450016021728516,-1.2295528650283813,-2.9626780951548426
169,-2.5979490280151367,-1.0562944412231445,-2.498256693716712
170,-2.5967369079589844,-0.8556857109069824,-2.2327064015933047
171,-2.6352272033691406,-0.6596634984016418,-1.9235739660180116
172,-2.7591209411621094,-0.48684626817703247,-1.4577785224810214
173,-2.8478317260742188,-0.3050239682197571,-1.0484819906014309
174,-2.836422920227051,-0.09677815437316895,-0.9453506199683943
175,-2.772052764892578,0.11025512218475342,-1.0498492735332547
176,-2.866562843322754,0.31771671772003174,-0.9644172645812432
177,-2.761178970336914,0.48258841037750244,-1.4793576460406257
178,-2.6436328887939453,0.6594371795654297,-1.9255418492207355
179,-2.604222297668457,0.8556257486343384,-2.2348113993273273
180,-2.630718231201172,1.0576355457305908,-2.482966492286323
181,-2.435164451599121,1.216787576675415,-3.0120200145165654
182,-2.209463119506836,1.315361738204956,-3.734202250866929
183,-2.0429611206054688,1.3941566944122314,-4.508425245416902
184,-1.723332405090332,-1.2356189489364624,-4.65162302704789
185,-1.7257623672485352,-1.1794559955596924,-3.8299690262167587
186,-1.7166948318481445,-1.125585913658142,-3.0054095491555017
187,-1.811605453491211,-1.0577253103256226,-2.2036641920308284
188,-1.966817855834961,-0.8931705355644226,-1.691279741306289
189,-1.944864273071289,-0.6908341646194458,-1.4563938588339624
190,-1.996842384338379,-0.50041663646698,-1.1017307085098764
191,-2.048452377319336,-0.3070448637008667,-0.7721913820580539
192,-2.085860252380371,-0.10274910926818848,-0.5576158309331731
193,-2.086009979248047,0.10755610466003418,-0.5471719522674903
194,-2.0464649200439453,0.3083057403564453,-0.7828979026428442
195,-1.9792547225952148,0.4933129549026489,-1.1728535608469883
196,-1.9380769729614258,0.689212441444397,-1.4756671408390503
197,-1.9957904815673828,0.8940809965133667,-1.6688943456788365
198,-1.8203802108764648,1.024921178817749,-2.318352772699882
199,-1.761301040649414,1.0951082706451416,-3.123479644533063
200,-1.7363662719726562,1.150611162185669,-3.9446730564104655
201,-1.7156858444213867,1.210998296737671,-4.759330353764199
202,-1.2849712371826172,-1.0628823041915894,-4.848098494446049
203,-1.300032615661621,-1.0066485404968262,-4.025206600452066
204,-1.2705631256103516,-0.9561381340026855,-3.196794398180373
205,-1.2553749084472656,-0.9075911641120911,-2.3642793815179175
206,-1.1467390060424805,-0.8868345618247986,-1.524721312804104
207,-1.217757225036621,-0.7132382988929749,-1.046455206085966
208,-1.2257137298583984,-0.5135462880134583,-0.7708578949614093
209,-1.2616958618164062,-0.31726086139678955,-0.4492316219179884
210,-1.2891921997070312,-0.10203206539154053,-0.26143299380328244
211,-1.2807703018188477,0.1089242696762085,-0.2777003776679976
212,-1.2680482864379883,0.3153887987136841,-0.4568945861460634
213,-1.237717628479004,0.5101016759872437,-0.7851284277646755
214,-1.2784347534179688,0.7153857946395874,-0.9587550137957805
215,-1.2406959533691406,0.805206298828125,-1.7207728838695857
216,-1.2379474639892578,0.8895342350006104,-2.498085783350234
217,-1.2237377166748047,0.9605063199996948,-3.294849634369484
218,-1.2023067474365234,0.9999977350234985,-4.128052154879015
219,-1.2006807327270508,1.051954746246338,-4.950063425967755
220,-0.4683504104614258,-1.0185710191726685,-4.892290894121743
221,-0.4619455337524414,-1.0272935628890991,-4.038161992469213
222,-0.44605445861816406,-0.9983829259872437,-3.1884043406982983
223,-0.4227628707885742,-0.931430459022522,-2.378853111242506
224,-0.4043245315551758,-0.8066150546073914,-1.6860452492346667
225,-0.3866386413574219,-0.7101045846939087,-0.932694562491406
226,-0.4095783233642578,-0.5208806991577148,-0.5590468431541922
227,-0.4133634567260742,-0.32204669713974,-0.2553053260876368
228,-0.4423046112060547,-0.11078006029129028,-0.08100185775765567
229,-0.4524688720703125,0.1116715669631958,-0.08495114249717517
230,-0.4411582946777344,0.31899821758270264,-0.271065772424663
231,-0.43515682220458984,0.5204141139984131,-0.5480998893419837
232,-0.44727420806884766,0.693016767501831,-1.0432320490051552
233,-0.42627620697021484,0.8467446565628052,-1.6268214276665276
234,-0.4265108108520508,0.9386800527572632,-2.3989703235317847
235,-0.40796566009521484,1.009277105331421,-3.2092525086227397
236,-0.386474609375,1.0427443981170654,-4.053388464610407
237,-0.3755950927734375,1.020427942276001,-4.908032028552952
238,0.37590980529785156,-1.0190677642822266,-4.901199476274996
239,0.38495826721191406,-1.0423566102981567,-4.047438466428275
240,0.4040355682373047,-1.0098081827163696,-3.20082189613845
241,0.4169921875,-0.9393324851989746,-2.390292518653041
242,0.40939903259277344,-0.8494150042533875,-1.6147466585546226
243,0.44217872619628906,-0.6948249340057373,-1.0363039027934065
244,0.4333000183105469,-0.5207884311676025,-0.5499644538485882
245,0.43853187561035156,-0.31928735971450806,-0.27173879234237575
246,0.4501152038574219,-0.11179906129837036,-0.08499362868997196
247,0.4405174255371094,0.11045300960540771,-0.08001501937042121
248,0.40929222106933594,0.3218275308609009,-0.2550909639330712
249,0.40670204162597656,0.5205155611038208,-0.5588662768348058
250,0.3813953399658203,0.7088706493377686,-0.9393513764264299
251,0.39322853088378906,0.8074154853820801,-1.6896565756223936
252,0.41437339782714844,0.9323865175247192,-2.382688455737707
253,0.4416847229003906,0.9996812343597412,-3.1920726372081845
254,0.4595355987548828,1.027322769165039,-4.043081700476023
255,0.46779823303222656,1.0181167125701904,-4.8973467510645605
256,1.200216293334961,-1.0503242015838623,-4.938878935714001
257,1.2034130096435547,-1.0015432834625244,-4.119384005953179
258,1.2193870544433594,-0.9602256417274475,-3.2824842210750376
259,1.2294902801513672,-0.8899781703948975,-2.484551034158585
260,1.2345123291015625,-0.8255349397659302,-1.6808976607392196
261,1.27520751953125,-0.7154190540313721,-0.9661447145565489
262,1.2352161407470703,-0.5102109909057617,-0.7887967242745617
263,1.267578125,-0.31652337312698364,-0.45750484236987177
264,1.279031753540039,-0.10905075073242188,-0.2768352042874085
265,1.2866363525390625,0.10206019878387451,-0.26005991729971356
266,1.254201889038086,0.3171619176864624,-0.44727049788230033
267,1.2234745025634766,0.5135805606842041,-0.767008066536846
268,1.213775634765625,0.7131325006484985,-1.044399453711776
269,1.1421451568603516,0.885718584060669,-1.5284948592006913
270,1.2465763092041016,0.9073969125747681,-2.367769042898999
271,1.2652912139892578,0.9560860395431519,-3.200027211214092
272,1.297882080078125,1.0066931247711182,-4.028425895151713
273,1.2836360931396484,1.0627741813659668,-4.8511806746143975
274,1.7129898071289062,-1.2097408771514893,-4.748822745809321
275,1.7312908172607422,-1.1506222486495972,-3.9321145240578517
276,1.7572364807128906,-1.0942860841751099,-3.111110368857453
277,1.8298225402832031,-1.0214664936065674,-2.310229219518078
278,2.0199813842773438,-0.8945577144622803,-1.6505847277740031
279,1.9405574798583984,-0.6891757249832153,-1.4750520566387877
280,1.9784202575683594,-0.49318164587020874,-1.1737119750605416
281,2.0460948944091797,-0.3086509108543396,-0.7801932702332124
282,2.086322784423828,-0.10789555311203003,-0.5450331586982884
283,2.084117889404297,0.10256314277648926,-0.5567458295761298
284,2.046985626220703,0.3071861267089844,-0.7675294879938974
285,1.995553970336914,0.5006080865859985,-1.0969191471756403
286,1.9426498413085938,0.6910022497177124,-1.4515330521398937
287,1.9637031555175781,0.8932813405990601,-1.68718078929669
288,1.8067131042480469,1.0564754009246826,-2.2059130634631856
289,1.7139244079589844,1.1249511241912842,-3.006838630185939
290,1.7235355377197266,1.178877353668213,-3.831440593439993
291,1.7204914093017578,1.235569953918457,-4.652487234833188
292,2.0385589599609375,-1.3933959007263184,-4.501779053030077
293,2.206052780151367,-1.3154610395431519,-3.726378032225284
294,2.434185028076172,-1.21531081199646,-3.0085911856388066
295,2.6373138427734375,-1.0570605993270874,-2.4785711025224373
296,2.6042919158935547,-0.8544967174530029,-2.239367077909492
297,2.642681121826172,-0.6584646701812744,-1.9295239642001434
298,2.760557174682617,-0.48226386308670044,-1.4799717646455974
299,2.8661441802978516,-0.3177042007446289,-0.9640493727754347
300,2.771604537963867,-0.11021727323532104,-1.0485978620363312
301,2.8300743103027344,0.09716808795928955,-0.9537899228103015
302,2.8474597930908203,0.3058246374130249,-1.0401662839567507
303,2.758176803588867,0.4874361753463745,-1.4506369797099978
304,2.6334915161132812,0.6599341630935669,-1.918140561316477
305,2.594362258911133,0.855890154838562,-2.2278707003767977
306,2.5954627990722656,1.0564608573913574,-2.4938825470492247
307,2.441303253173828,1.2291743755340576,-2.9611833536446284
308,2.2166385650634766,1.3427042961120605,-3.6439635085571354
309,2.059123992919922,1.4195096492767334,-4.422635966207281
310,2.7399044036865234,-1.5090692043304443,-4.46582897475696
311,3.001729965209961,-1.3712204694747925,-3.876716391032005
312,3.1848716735839844,-1.205040454864502,-3.3846113726056046
313,3.223712921142578,-1.010617971420288,-3.0570032367354543
314,3.2803707122802734,-0.8171571493148804,-2.7243614526141755
315,3.427967071533203,-0.6482393145561218,-2.2383454780917873
316,3.5802574157714844,-0.4954204559326172,-1.6753686621038923
317,3.202848434448242,-0.30980372428894043,-1.7402161106458607
318,3.377593994140625,-0.10630309581756592,-1.641844159201355
319,3.2369747161865234,0.09954619407653809,-1.6972075307967316
320,3.530221939086914,0.28872382640838623,-1.53544617969942
321,3.5698890686035156,0.49480247497558594,-1.6758582189163462
322,3.4191131591796875,0.650856614112854,-2.2238374088469754
323,3.2739696502685547,0.8199959993362427,-2.709115668567165
324,3.2142887115478516,1.0134129524230957,-3.041732347210882
325,3.1716384887695312,1.2076749801635742,-3.3704750575477647
326,3.021268844604492,1.380537509918213,-3.8351523417379667
327,2.7839431762695312,1.5260977745056152,-4.403550975283906
328,3.4711780548095703,-1.4939461946487427,-4.881342974714244
329,3.6701908111572266,-1.3335037231445312,-4.3689923198248835
330,3.8081512451171875,-1.1583526134490967,-3.920931964994679
331,3.8983154296875,-0.9720064401626587,-3.5389318463917334
332,4.054826736450195,-0.8035200238227844,-3.055849350362905
333,4.234834671020508,-0.6531838178634644,-2.491031144155386
334,4.098339080810547,-0.4506472945213318,-2.327275838782498
335,3.558948516845703,-0.30880874395370483,-2.505702399004349
336,3.758129119873047,-0.10608184337615967,-2.407963878070632
337,3.735149383544922,0.10429954528808594,-2.3899478011342126
338,3.62060546875,0.311850905418396,-2.3753875897436956
339,4.207622528076172,0.4538993835449219,-2.2112808076849433
340,4.223211288452148,0.6523252725601196,-2.484308669740585
341,4.049919128417969,0.8059524297714233,-3.036802017655873
342,3.904277801513672,0.9775341749191284,-3.50497282560832
343,3.81414794921875,1.1637649536132812,-3.8874682945954646
344,3.683013916015625,1.339620590209961,-4.332865537613543
345,3.502817153930664,1.5032036304473877,-4.835302425651889
346,4.043813705444336,-1.4309329986572266,-5.451065439403919
347,4.253702163696289,-1.2732586860656738,-4.932067626532444
348,4.441631317138672,-1.1087491512298584,-4.440119034543159
349,4.6435699462890625,-0.9505060315132141,-3.9208006440351255
350,4.830224990844727,-0.7936923503875732,-3.3890405582046697
351,4.869270324707031,-0.6048067808151245,-3.022435890918814
352,4.37708854675293,-0.4375051259994507,-3.134853391463821
353,3.840970993041992,-0.3042762875556946,-3.306912816337899
354,4.04461669921875,-0.1010088324546814,-3.2171163166713086
355,4.001138687133789,0.11183130741119385,-3.2002579884886018
356,3.8150711059570312,0.3170938491821289,-3.2076332053200076
357,4.484251022338867,0.4316861629486084,-3.0115970837791792
358,4.908483505249023,0.6123337745666504,-2.9581253133585506
359,4.827726364135742,0.7955522537231445,-3.3637506519423823
360,4.651050567626953,0.9554269313812256,-3.884201685726566
361,4.4542694091796875,1.114767074584961,-4.399741701861558
362,4.269886016845703,1.2793145179748535,-4.892337242695703
363,4.069086074829102,1.438260793685913,-5.4082200451589415
364,4.584232330322266,-1.3573148250579834,-6.033672807654511
365,4.835426330566406,-1.2085680961608887,-5.488291069056231
366,5.099435806274414,-1.0632648468017578,-4.933781558173678
367,5.342174530029297,-0.9170121550559998,-4.372840217058865
368,5.492042541503906,-0.7487531900405884,-3.8866040868101663
369,5.258415222167969,-0.5500273704528809,-3.7495011426549354
370,4.591878890991211,-0.4342467188835144,-3.959572191748066
371,4.000469207763672,-0.2983655333518982,-4.139064769171
372,4.179243087768555,-0.09492379426956177,-4.061261928611884
373,4.110311508178711,0.11678338050842285,-4.051775920474711
374,4.019075393676758,0.3261737823486328,-4.035290312074267
375,4.705005645751953,0.43350279331207275,-3.834785415527449
376,5.360757827758789,0.5561490058898926,-3.6423316525156224
377,5.517612457275391,0.7572376728057861,-3.8298570171630217
378,5.355337142944336,0.922642707824707,-4.32819591878706
379,5.114170074462891,1.068816900253296,-4.8900960960256725
380,4.852594375610352,1.2139663696289062,-5.446267396403755
381,4.608049392700195,1.3636329174041748,-5.99037261802755
382,5.135683059692383,-1.2848159074783325,-6.606839550746599
383,5.430530548095703,-1.1470357179641724,-6.035724697647538
384,5.728801727294922,-1.0118160247802734,-5.455336267375287
385,5.981771469116211,-0.8679672479629517,-4.889016560490518
386,6.037553787231445,-0.6838470697402954,-4.482479699952137
387,5.568330764770508,-0.5097569227218628,-4.526907704878795
388,4.834421157836914,-0.4280250668525696,-4.774554894714811
389,4.201803207397461,-0.2981073260307312,-4.962951226314544
390,4.082151412963867,-0.09160274267196655,-4.915960531486007
391,4.063930511474609,0.11924183368682861,-4.9050744101771215
392,4.248115539550781,0.32284724712371826,-4.856679739795709
393,4.937280654907227,0.4324594736099243,-4.654149989924008
394,5.67231559753418,0.5166213512420654,-4.4190989906569484
395,6.099920272827148,0.6976193189620972,-4.397784440207033
396,6.010702133178711,0.8774700164794922,-4.8291226157905385
397,5.751989364624023,1.0187866687774658,-5.4035436671654224
398,5.453805923461914,1.1530251502990723,-5.987806065744508
399,5.163715362548828,1.2912335395812988,-6.559508966375688
0,-5.0956926345825195,-1.2731950283050537,-7.961956947501221
1,5.047218322753906,-1.260947585105896,-8.005593164289394
2,-5.0459089279174805,1.2610323429107666,-8.006908305075513
3,5.095218658447266,1.2729594707489014,-7.957560592142045
4,-5.413566589355469,1.1414177417755127,-7.411514523983669
5,-5.776966094970703,1.0212464332580566,-6.813230716186354
6,-6.123608589172363,0.8999162912368774,-6.207175797488389
7,-6.434687614440918,0.7733776569366455,-5.601999570505086
8,-6.412635803222656,0.5861107110977173,-5.213349397134152
9,-5.781391143798828,0.451387882232666,-5.353327884065493
10,-4.991724014282227,0.415191650390625,-5.609078349582205
11,-4.377367973327637,0.27677035331726074,-5.767354867274889
12,-4.043880462646484,0.0830923318862915,-5.740186878171926
13,-3.9770545959472656,-0.1269788146018982,-5.7262591316969065
14,-4.26658821105957,-0.32444167137145996,-5.6924739180658435
15,-4.997989654541016,-0.4202553629875183,-5.524829194861468
16,-5.801135063171387,-0.45455431938171387,-5.308603441384548
17,-6.431463241577148,-0.5909112691879272,-5.189338904632223
18,-6.4613847732543945,-0.7794827818870544,-5.566400003322542
19,-6.159649848937988,-0.9094110131263733,-6.164228050142583
20,-5.819302558898926,-1.0327352285385132,-6.766668745666948
21,-5.459693908691406,-1.1532795429229736,-7.365368725034614
22,-4.612872123718262,-1.3640402555465698,-7.367590559798828
23,-4.12797737121582,-1.4539034366607666,-6.771020683642746
24,-3.6323890686035156,-1.5390331745147705,-6.1705391809634875
25,-3.110868453979492,-1.614516258239746,-5.574365198876649
26,-2.3566036224365234,-1.607300043106079,-5.197149604939796
27,-1.812729835510254,-1.4491705894470215,-5.311699139886969
28,-1.6740922927856445,-1.2481184005737305,-5.523085329766218
29,-1.2870817184448242,-1.0656085014343262,-5.687169903133281
30,-0.4922332763671875,-0.9969819188117981,-5.718954403321732
31,0.3486804962158203,-1.01102614402771,-5.731488795792075
32,1.1234779357910156,-1.0943844318389893,-5.753856810704292
33,1.6635494232177734,-1.250807762145996,-5.592512596772622
34,1.807474136352539,-1.4479426145553589,-5.332888162949075
35,2.3538742065429688,-1.6043184995651245,-5.19690048135476
36,3.0969905853271484,-1.6070597171783447,-5.5976437701481245
37,3.601480484008789,-1.529478907585144,-6.204522341629172
38,4.08738899230957,-1.4429657459259033,-6.81060526259057
39,4.567838668823242,-1.352304458618164,-7.409538916018619
40,5.415498733520508,-1.1415876150131226,-7.4097049984086425
41,5.779897689819336,-1.0215516090393066,-6.8115351308556455
42,6.125921249389648,-0.8999123573303223,-6.205857759916398
43,6.434871673583984,-0.7730300426483154,-5.600590766975756
44,6.412511825561523,-0.5859987735748291,-5.210085685051126
45,5.781013488769531,-0.4512721300125122,-5.3493196980132325
46,4.990348815917969,-0.4167609214782715,-5.605862917263721
47,4.375528335571289,-0.27880364656448364,-5.768096444458251
48,4.04161262512207,-0.08514630794525146,-5.740378066039511
49,3.979677200317383,0.12503314018249512,-5.727867813451439
50,4.265007019042969,0.3228738307952881,-5.693570834316233
51,4.994161605834961,0.41949141025543213,-5.5238037326626
52,5.796424865722656,0.45391035079956055,-5.304428207346973
53,6.427314758300781,0.5900923013687134,-5.184998553799915
54,6.457332611083984,0.7786660194396973,-5.562084757967796
55,6.156515121459961,0.908839225769043,-6.159499530003359
56,5.816837310791016,1.0322401523590088,-6.76197015898174
57,5.458219528198242,1.1529181003570557,-7.360781181807852
58,4.611724853515625,1.3637254238128662,-7.363559199459587
59,4.126350402832031,1.4535508155822754,-6.767361077490477
60,3.6305484771728516,1.5387365818023682,-6.16729671197686
61,3.1087608337402344,1.614346981048584,-5.571702087064523
62,2.354288101196289,1.6073522567749023,-5.194841832194697
63,1.8096561431884766,1.4494781494140625,-5.311479949755949
64,1.671426773071289,1.2485408782958984,-5.524929616771715
65,1.2861766815185547,1.0658094882965088,-5.690178698059526
66,0.49392127990722656,0.9953447580337524,-5.724968130793059
67,-0.3460407257080078,1.0126118659973145,-5.741426702525359
68,-1.1176977157592773,1.0978035926818848,-5.7626949044013145
69,-1.6623201370239258,1.2530431747436523,-5.598947323790753
70,-1.8104801177978516,1.4498279094696045,-5.3374573598653114
71,-2.3581676483154297,1.605757713317871,-5.198201138211516
72,-3.102914810180664,1.6083564758300781,-5.595755065759249
73,-3.60479736328125,1.5300610065460205,-6.203397423115348
74,-4.0881242752075195,1.4433720111846924,-6.811005984636267
75,-4.5677289962768555,1.3526391983032227,-7.41049871773771
76,-4.934593200683594,-1.2335004806518555,-6.784407696754897
77,-5.259177207946777,-1.1037328243255615,-6.199892312209613
78,-5.586343765258789,-0.9767361283302307,-5.605391706761793
79,-5.873043060302734,-0.8431415557861328,-5.01449084055821
80,-6.012341499328613,-0.6737591624259949,-4.5299078094474226
81,-5.566617012023926,-0.4955574870109558,-4.506456396618887
82,-4.783918380737305,-0.43599265813827515,-4.70302938914142
83,-4.06385612487793,-0.33541375398635864,-4.8660353925686195
84,-4.038315773010254,-0.1255972981452942,-4.876551690881115
85,-4.102024078369141,0.08400404453277588,-4.890752700823441
86,-4.142614364624023,0.29188692569732666,-4.95339472972114
87,-4.738643646240234,0.4347529411315918,-4.800617277209767
88,-5.507096290588379,0.4971703290939331,-4.56858376322657
89,-5.986416816711426,0.6697837114334106,-4.56030281801236
90,-5.856435775756836,0.8396462202072144,-5.044649278276893
91,-5.560006141662598,0.9695931673049927,-5.643590656467268
92,-5.228095054626465,1.0949268341064453,-6.241354973998114
93,-4.897076606750488,1.2234430313110352,-6.826860093716505
94,-4.412714004516602,-1.3144959211349487,-6.202113181378536
95,-4.685005187988281,-1.1715970039367676,-5.6426144396282325
96,-4.9757585525512695,-1.0338380336761475,-5.071420407715323
97,-5.236722946166992,-0.8932951092720032,-4.496200809034917
98,-5.436588287353516,-0.7374223470687866,-3.9624622184535383
99,-5.322475433349609,-0.538986086845398,-3.708850546506028
100,-4.626399040222168,-0.4279721975326538,-3.866450181899836
101,-3.9281444549560547,-0.32503247261047363,-4.026281308010766
102,-4.120969772338867,-0.1201087236404419,-4.027256559254511
103,-4.2209625244140625,0.09119522571563721,-4.044026052670461
104,-3.9870147705078125,0.29112184047698975,-4.129512134958759
105,-4.521014213562012,0.442232608795166,-3.9781000341886283
106,-5.235128402709961,0.5404689311981201,-3.7797860733567177
107,-5.436403274536133,0.7382586002349854,-3.975646456554614
108,-5.228671073913574,0.8914304971694946,-4.518795738840481
109,-4.958614349365234,1.0285897254943848,-5.102835084907383
110,-4.662676811218262,1.1644775867462158,-5.678586726593039
111,-4.38369083404541,1.3059978485107422,-6.24026481691476
112,-3.9023075103759766,-1.3962626457214355,-5.609649016399089
113,-4.131315231323242,-1.2440778017044067,-5.073603618667903
114,-4.316095352172852,-1.0796482563018799,-4.581300653206881
115,-4.535584449768066,-0.9264186024665833,-4.045982348729694
116,-4.74238395690918,-0.7741000056266785,-3.50116162099539
117,-4.876977920532227,-0.6027469635009766,-3.030982374838004
118,-4.477277755737305,-0.4181594252586365,-3.027855777286277
119,-3.796560287475586,-0.31647753715515137,-3.1872794221844742
120,-4.0327653884887695,-0.11452281475067139,-3.180095393220654
121,-4.077070236206055,0.09782350063323975,-3.1980921582512565
122,-3.8372116088867188,0.2970728874206543,-3.293612706801923
123,-4.365999221801758,0.43412351608276367,-3.1395143199326867
124,-4.8602705001831055,0.6016858816146851,-3.0531089909275124
125,-4.7617692947387695,0.7795008420944214,-3.491555879042153
126,-4.534640312194824,0.9249691963195801,-4.058672202041862
127,-4.305700302124023,1.0749738216400146,-4.604597570788883
128,-4.121102333068848,1.23856520652771,-5.101139499576675
129,-3.884735107421875,1.3890998363494873,-5.640761462265118
130,-3.365851402282715,-1.4679467678070068,-5.020618508273856
131,-3.5674057006835938,-1.3094135522842407,-4.500334522474986
132,-3.7005815505981445,-1.1344279050827026,-4.048966038178378
133,-3.786163330078125,-0.9475491642951965,-3.6694677769739883
134,-3.9649362564086914,-0.7827956676483154,-3.172556990785097
135,-4.1653642654418945,-0.6378010511398315,-2.590647747929779
136,-4.229466438293457,-0.44953757524490356,-2.2217652413528413
137,-3.6163644790649414,-0.3106374740600586,-2.3518898283412
138,-3.7577733993530273,-0.10437572002410889,-2.3678907079056444
139,-3.783247947692871,0.10537338256835938,-2.3928638989125375
140,-3.555912971496582,0.30522215366363525,-2.501354323409714
141,-4.105569839477539,0.4480398893356323,-2.3262658261082834
142,-4.2029008865356445,0.648511528968811,-2.5481731422764824
143,-3.990438461303711,0.7874131202697754,-3.1494570546424256
144,-3.7939367294311523,0.9470691680908203,-3.666470569191233
145,-3.709292411804199,1.1327743530273438,-4.055508911869083
146,-3.576483726501465,1.3065826892852783,-4.514221713947791
147,-3.36871337890625,1.4636218547821045,-5.039424442158179
148,-2.687286376953125,-1.5025660991668701,-4.537235712109577
149,-2.9432497024536133,-1.3593670129776,-3.9674079975332006
150,-3.0900983810424805,-1.1859394311904907,-3.505407343489196
151,-3.1249618530273438,-0.9918298125267029,-3.1752162402160593
152,-3.2037220001220703,-0.8019625544548035,-2.8141907825206545
153,-3.368894577026367,-0.6378486752510071,-2.306923986837546
154,-3.538914680480957,-0.4847007989883423,-1.7502554048846832
155,-3.5504064559936523,-0.28383123874664307,-1.5093345518446313
156,-3.2338266372680664,-0.09772831201553345,-1.6983227933576472
157,-3.382290840148926,0.10763323307037354,-1.6389425453523927
158,-3.1992292404174805,0.3103673458099365,-1.7370856507129702
159,-3.574366569519043,0.49648404121398926,-1.6893900713221228
160,-3.405101776123047,0.6441404819488525,-2.27017825804478
161,-3.23587703704834,0.8076320886611938,-2.7796050903934884
162,-3.158182144165039,0.9966989755630493,-3.1467775277103556
163,-3.1303653717041016,1.1899142265319824,-3.4859254929012877
164,-2.966334342956543,1.3588736057281494,-3.968784936417933
165,-2.6932668685913086,1.4972407817840576,-4.550692248082669
166,-1.9736661911010742,-1.3915903568267822,-4.507645044421906
167,-2.150467872619629,-1.3311244249343872,-3.710041125499629
168,-2.4081602096557617,-1.2205687761306763,-3.0310557600801076
169,-2.54502010345459,-1.0421018600463867,-2.5935657768986857
170,-2.5460128784179688,-0.8431805968284607,-2.308102013092366
171,-2.590158462524414,-0.648676872253418,-1.9838280777614727
172,-2.734975814819336,-0.48062336444854736,-1.4958673943233407
173,-2.841012954711914,-0.3036998510360718,-1.0565022250871152
174,-2.831859588623047,-0.09552019834518433,-0.9523125620153223
175,-2.767441749572754,0.1116565465927124,-1.0534422536104557
176,-2.868157386779785,0.318845272064209,-0.9604129409101461
177,-2.7568702697753906,0.48114442825317383,-1.4875246510105171
178,-2.6287384033203125,0.6559998989105225,-1.9431716880408203
179,-2.582643508911133,0.850185751914978,-2.2696800108747084
180,-2.6053085327148438,1.049980640411377,-2.5432785397472344
181,-2.4188966751098633,1.2144761085510254,-3.047833943853675
182,-2.174248695373535,1.3100626468658447,-3.770417867845026
183,-1.9968700408935547,1.3795483112335205,-4.556004953372849
184,-1.734267234802246,-1.1957005262374878,-4.699686498244546
185,-1.7034215927124023,-1.1570631265640259,-3.8620016843949543
186,-1.666712760925293,-1.1222078800201416,-3.020709406538799
187,-1.796736717224121,-1.059882640838623,-2.216252657837458
188,-1.931478500366211,-0.8855884075164795,-1.7532468190956934
189,-1.9176025390625,-0.6848386526107788,-1.4959398139701534
190,-1.9872016906738281,-0.4982004761695862,-1.1103727863628592
191,-2.044602394104004,-0.30594557523727417,-0.7729107505497268
192,-2.085521697998047,-0.10201758146286011,-0.556038048227947
193,-2.0858888626098633,0.10797202587127686,-0.5447965878520336
194,-2.0463294982910156,0.3083306550979614,-0.7834299456480949
195,-1.9771690368652344,0.49296820163726807,-1.174775095475752
196,-1.9295978546142578,0.6881767511367798,-1.4872591123055372
197,-1.9951143264770508,0.8926774263381958,-1.6860761482839735
198,-1.803318977355957,1.0262303352355957,-2.3211771389255773
199,-1.746603012084961,1.0915231704711914,-3.134394733700674
200,-1.7710380554199219,1.1331682205200195,-3.970945938678824
201,-1.7464113235473633,1.1878821849822998,-4.793435179436528
202,-1.3281936645507812,-1.0160901546478271,-4.85953403947542
203,-1.290771484375,-0.9823231101036072,-4.022099314806155
204,-1.2636175155639648,-0.9496121406555176,-3.179110486024001
205,-1.244187355041504,-0.9056483507156372,-2.3427388817699466
206,-1.1314458847045898,-0.8902171850204468,-1.5005650154132582
207,-1.2079439163208008,-0.7110381722450256,-1.0590031168903806
208,-1.2199573516845703,-0.5127760171890259,-0.7690831308168526
209,-1.2591819763183594,-0.3162672519683838,-0.4482013317426663
210,-1.2878427505493164,-0.1032763123512268,-0.2601062658736737
211,-1.2799997329711914,0.10918712615966797,-0.27529218301265246
212,-1.268540382385254,0.3162451982498169,-0.4594447233091614
213,-1.2371883392333984,0.5105541944503784,-0.7848947537042932
214,-1.282607078552246,0.7161744832992554,-0.957456288129606
215,-1.2470073699951172,0.8007543087005615,-1.730683753934727
216,-1.2407474517822266,0.8878927230834961,-2.500971947674543
217,-1.2068538665771484,0.9579057693481445,-3.293061351890856
218,-1.1843090057373047,0.9961811304092407,-4.125265446869662
219,-1.1846380233764648,1.036912441253662,-4.951930887260232
220,-0.48777008056640625,-1.0116775035858154,-4.868376961148897
221,-0.4704132080078125,-1.0301079750061035,-4.018515990681863
222,-0.4532918930053711,-1.0074620246887207,-3.1718463126510414
223,-0.4159984588623047,-0.9365488290786743,-2.360110906647378
224,-0.3956022262573242,-0.8058606386184692,-1.689547463354529
225,-0.3781471252441406,-0.7090573310852051,-0.935215731795779
226,-0.40573978424072266,-0.5206402540206909,-0.5547171138700833
227,-0.4102754592895508,-0.3216399550437927,-0.25379996302922336
228,-0.4416379928588867,-0.11016303300857544,-0.08070638559865984
229,-0.4511890411376953,0.11192429065704346,-0.08496659202182855
230,-0.4417695999145508,0.31929218769073486,-0.2712318548146868
231,-0.43697071075439453,0.520864725112915,-0.5423623221238358
232,-0.45290565490722656,0.691838264465332,-1.0474043862568578
233,-0.4357433319091797,0.8468117713928223,-1.6275813511604156
234,-0.4363679885864258,0.9422049522399902,-2.393751280984816
235,-0.4084024429321289,1.0172946453094482,-3.1967596367499027
236,-0.3812694549560547,1.0536162853240967,-4.042736982957194
237,-0.35307979583740234,1.0243892669677734,-4.8911505260832655
238,0.35233116149902344,-1.0238430500030518,-4.881788114143319
239,0.37546348571777344,-1.0510010719299316,-4.033220075770714
240,0.3979072570800781,-1.0153322219848633,-3.187480266004968
241,0.4237689971923828,-0.9411443471908569,-2.3834145833964158
242,0.42079734802246094,-0.8476976156234741,-1.6139915630371888
243,0.4510631561279297,-0.692838728427887,-1.0351915370183633
244,0.4352531433105469,-0.5211023092269897,-0.5360173954677521
245,0.4398689270019531,-0.3190373182296753,-0.27118936862189
246,0.4481048583984375,-0.1114799976348877,-0.08575838016031412
247,0.43927955627441406,0.11019396781921387,-0.07997060198704276
248,0.404571533203125,0.3219372034072876,-0.25424993043475297
249,0.4035816192626953,0.5206469297409058,-0.5569553637542413
250,0.37606239318847656,0.7079378366470337,-0.9471446960187677
251,0.38277626037597656,0.8071811199188232,-1.696321114319744
252,0.40363502502441406,0.9381695985794067,-2.3664181750871194
253,0.4442787170410156,1.0082368850708008,-3.1770479744827753
254,0.4647846221923828,1.030160903930664,-4.025196944499157
255,0.4858894348144531,1.0106985569000244,-4.874588635654845
256,1.183309555053711,-1.0358741283416748,-4.93952395336828
257,1.1811542510986328,-0.9963533878326416,-4.117261627503922
258,1.2008132934570312,-0.9585176706314087,-3.2786334270551833
259,1.2300662994384766,-0.8886310458183289,-2.4852713682455487
260,1.2377204895019531,-0.8096908330917358,-1.70517465754142
261,1.2819061279296875,-0.7161493301391602,-0.9526167245319357
262,1.23309326171875,-0.5103052258491516,-0.7869562996502282
263,1.2676963806152344,-0.31636619567871094,-0.4587717033914487
264,1.2781562805175781,-0.10916751623153687,-0.27477269274618266
265,1.2849998474121094,0.10187220573425293,-0.2587302925842323
266,1.2528572082519531,0.31622326374053955,-0.4462421388975599
267,1.219747543334961,0.5125806331634521,-0.7672311190490291
268,1.2082748413085938,0.7114099264144897,-1.0521087665138111
269,1.1236743927001953,0.8886085748672485,-1.5046195500394788
270,1.2305545806884766,0.9059743881225586,-2.3469218405698484
271,1.2541046142578125,0.9499995708465576,-3.182380957274063
272,1.2860984802246094,0.9829164743423462,-4.0242709386152455
273,1.3260879516601562,1.016157627105713,-4.8624424124914185
274,1.7483348846435547,-1.1865179538726807,-4.78605706581925
275,1.7702884674072266,-1.1335076093673706,-3.9621889549862317
276,1.7477531433105469,-1.0932015180587769,-3.1252659958211098
277,1.811777114868164,-1.0269850492477417,-2.314883388819908
278,2.0019073486328125,-0.8929146528244019,-1.6803926544021124
279,1.9279804229736328,-0.6884502172470093,-1.4848702295560088
280,1.9745597839355469,-0.4930945038795471,-1.1738828854270196
281,2.0459041595458984,-0.3088492155075073,-0.7800870547512204
282,2.084840774536133,-0.1082867980003357,-0.5447541016592368
283,2.0832271575927734,0.10182785987854004,-0.5562813782412377
284,2.043712615966797,0.3061727285385132,-0.7684458379249008
285,1.9868888854980469,0.4984654188156128,-1.1056539221765433
286,1.917276382446289,0.6852967739105225,-1.489993678169185
287,1.9257221221923828,0.8857640027999878,-1.751782011039495
288,1.7884464263916016,1.059084177017212,-2.2200484129257347
289,1.6618003845214844,1.1210589408874512,-3.0257671946721985
290,1.7000656127929688,1.157264232635498,-3.8650510343234146
291,1.7326488494873047,1.1957416534423828,-4.702195114810138
292,1.9973945617675781,-1.3784747123718262,-4.551252293351354
293,2.178506851196289,-1.3098610639572144,-3.765360079711627
294,2.426054000854492,-1.2144371271133423,-3.043664503387845
295,2.613811492919922,-1.0502527952194214,-2.5380285981509587
296,2.5798091888427734,-0.8498712182044983,-2.272722601636133
297,2.625049591064453,-0.6559345722198486,-1.9442241869078316
298,2.754770278930664,-0.4815773367881775,-1.4861032947424064
299,2.867084503173828,-0.31899356842041016,-0.9609073256990541
300,2.766958236694336,-0.11175620555877686,-1.0527006764270936
301,2.8247108459472656,0.09585714340209961,-0.9622572279156429
302,2.8413219451904297,0.3045055866241455,-1.048304321067917
303,2.735342025756836,0.4812406301498413,-1.4890068397819505
304,2.5902442932128906,0.6492300033569336,-1.9774088002679946
305,2.544412612915039,0.8436847925186157,-2.3023528587307283
306,2.5409297943115234,1.0424625873565674,-2.58979416169268
307,2.4019126892089844,1.2202575206756592,-3.0310045835296933
308,2.146383285522461,1.3310723304748535,-3.7100614030007364
309,1.9710750579833984,1.3915472030639648,-4.507985899559571
310,2.6928977966308594,-1.496511697769165,-4.549537396114829
311,2.96978759765625,-1.3588192462921143,-3.9665737232019183
312,3.137134552001953,-1.1901987791061401,-3.482553634145688
313,3.1580677032470703,-0.9963451027870178,-3.1486932687673743
314,3.2313766479492188,-0.8068710565567017,-2.7841221451640195
315,3.4017486572265625,-0.6441361904144287,-2.271290623819823
316,3.5722885131835938,-0.4972337484359741,-1.6877736648052633
317,3.1974411010742188,-0.31110531091690063,-1.7385572179362043
318,3.377513885498047,-0.10810202360153198,-1.643223029276669
319,3.2375316619873047,0.09761083126068115,-1.7021890369021548
320,3.545267105102539,0.28448331356048584,-1.5096348519800813
321,3.540435791015625,0.48619377613067627,-1.7388111694976942
322,3.370332717895508,0.638920783996582,-2.2973616966723966
323,3.204376220703125,0.8027968406677246,-2.8058074842056158
324,3.1241207122802734,0.992431640625,-3.168515974492948
325,3.087556838989258,1.186307668685913,-3.5007386902580038
326,2.940000534057617,1.3594369888305664,-3.9644870717784215
327,2.6846275329589844,1.5026414394378662,-4.534701024471133
328,3.368082046508789,-1.4634414911270142,-5.039092277378131
329,3.5800857543945312,-1.307002067565918,-4.512513575878302
330,3.7116870880126953,-1.132746934890747,-4.0562244179795925
331,3.7924041748046875,-0.9465360641479492,-3.6703020513052707
332,3.986846923828125,-0.7869111895561218,-3.1524214321852924
333,4.200124740600586,-0.6489294767379761,-2.5481721766811916
334,4.109470367431641,-0.4487884044647217,-2.3191445608383674
335,3.557037353515625,-0.30658453702926636,-2.501620827709985
336,3.783266067504883,-0.10656112432479858,-2.394733291395596
337,3.7648544311523438,0.10302913188934326,-2.367769042898999
338,3.614459991455078,0.3089444637298584,-2.3534695422370078
339,4.22187614440918,0.44956350326538086,-2.221718892778881
340,4.16748046875,0.6393462419509888,-2.5791890286134276
341,3.9662303924560547,0.7838536500930786,-3.162642258338792
342,3.7868194580078125,0.9482372999191284,-3.6609666760334676
343,3.6989212036132812,1.1347167491912842,-4.0432429548895925
344,3.5648632049560547,1.3093914985656738,-4.496459588572861
345,3.3635082244873047,1.4678449630737305,-5.0173741080966465
346,3.884868621826172,-1.3893563747406006,-5.640415779150999
347,4.123468399047852,-1.2391226291656494,-5.100838233845934
348,4.3071746826171875,-1.075107455253601,-4.606610836970276
349,4.536214828491211,-0.9257637858390808,-4.058062911413344
350,4.759614944458008,-0.7797540426254272,-3.4918832158457462
351,4.863264083862305,-0.6030306816101074,-3.0472082381052132
352,4.371471405029297,-0.4353303909301758,-3.1309678360134967
353,3.836488723754883,-0.2984691262245178,-3.2951721431966234
354,4.07878303527832,-0.09932178258895874,-3.1995540695215823
355,4.037229537963867,0.11330068111419678,-3.181090921965506
356,3.8019332885742188,0.3155498504638672,-3.187444538979207
357,4.475912094116211,0.4190535545349121,-3.0260607356406126
358,4.87602424621582,0.6035045385360718,-3.0234941833575704
359,4.7429351806640625,0.7752025127410889,-3.4923302864654033
360,4.535219192504883,0.9269741773605347,-4.039171039548137
361,4.314136505126953,1.0797739028930664,-4.575754273856319
362,4.128698348999023,1.243880271911621,-5.069550049636973
363,3.899852752685547,1.3959674835205078,-5.606097556919394
364,4.384712219238281,-1.306024432182312,-6.238940985771023
365,4.665410995483398,-1.1647260189056396,-5.677309244023263
366,4.9642486572265625,-1.0296075344085693,-5.1003882664404045
367,5.231252670288086,-0.8920999765396118,-4.516632805389008
368,5.436359405517578,-0.7387615442276001,-3.973454555244416
369,5.232051849365234,-0.5411831140518188,-3.7768699755783928
370,4.520893096923828,-0.44079506397247314,-3.972565241981556
371,3.9845542907714844,-0.2919507622718811,-4.127418724368226
372,4.226228713989258,-0.09284234046936035,-4.044935643434428
373,4.126054763793945,0.11831450462341309,-4.0288063396963025
374,3.9240646362304688,0.32284820079803467,-4.030740427063847
375,4.616573333740234,0.4278615713119507,-3.866851869540824
376,5.311750411987305,0.5390963554382324,-3.707095094267288
377,5.434425354003906,0.7375133037567139,-3.956769068618769
378,5.235107421875,0.8933831453323364,-4.4906158058727215
379,4.972894668579102,1.033564805984497,-5.066665816503246
380,4.682462692260742,1.1712751388549805,-5.638239327365454
381,4.410503387451172,1.3141295909881592,-6.19815617187669
382,4.898744583129883,-1.2235404253005981,-6.825159680409342
383,5.231821060180664,-1.095444917678833,-6.239390953176553
384,5.564220428466797,-0.9701436758041382,-5.641605392549309
385,5.8579559326171875,-0.8397596478462219,-5.042881273299372
386,5.985645294189453,-0.6698945760726929,-4.557805788590258
387,5.50677490234375,-0.4971970319747925,-4.564367008591489
388,4.7374114990234375,-0.4353741407394409,-4.796746205688805
389,4.139095306396484,-0.29360973834991455,-4.955052656835505
390,4.102569580078125,-0.08588558435440063,-4.891016308337839
391,4.034856796264648,0.12376058101654053,-4.877292302469186
392,4.060085296630859,0.33376824855804443,-4.867863264454172
393,4.776470184326172,0.43574368953704834,-4.703099877597651
394,5.558799743652344,0.4949026107788086,-4.50319171894057
395,6.005943298339844,0.6728634834289551,-4.526862321900126
396,5.86993408203125,0.8426899909973145,-5.009846327209289
397,5.583248138427734,0.9762884378433228,-5.600777126866888
398,5.256547927856445,1.103302240371704,-6.195439952323568
399,4.932659149169922,1.2331140041351318,-6.780176458190454
0,-4.794619560241699,-1.1979084014892578,-8.18254719169272
1,4.733156204223633,-1.17971932888031,-8.172618940912344
2,-4.7274932861328125,1.181013822555542,-8.173580673822016
3,4.793437957763672,1.1976754665374756,-8.180094579653996
4,-5.138879776000977,1.0718843936920166,-7.574497353123888
5,-5.5349225997924805,0.9591654539108276,-6.972876448001443
6,-5.912885665893555,0.8463219404220581,-6.357565332845525
7,-6.282993316650391,0.7376916408538818,-5.728714640521503
8,-6.393955230712891,0.5696759223937988,-5.226181192954073
9,-5.765830039978027,0.4327789545059204,-5.343956781767929
10,-4.96942138671875,0.42065155506134033,-5.614884474066002
11,-4.394688606262207,0.27132368087768555,-5.762456402364478
12,-4.0800676345825195,0.07583653926849365,-5.734123905340766
13,-3.9285669326782227,-0.131220281124115,-5.708741301930559
14,-4.090512275695801,-0.33778756856918335,-5.6877560194748185
15,-4.84156608581543,-0.42698776721954346,-5.556198489074859
16,-5.664534568786621,-0.4296342730522156,-5.376560106763009
17,-6.324298858642578,-0.5589878559112549,-5.303344809430655
18,-6.289703369140625,-0.7365915775299072,-5.759604033875348
19,-5.949283599853516,-0.8557835817337036,-6.373013891903611
20,-5.58686637878418,-0.9739896655082703,-6.979530365150595
21,-5.199309349060059,-1.0881192684173584,-7.581012224551159
22,-4.3524580001831055,-1.2990065813064575,-7.583038043471333
23,-3.8931236267089844,-1.395829677581787,-6.98355593191809
24,-3.417649269104004,-1.4863603115081787,-6.378975477229233
25,-2.9388656616210938,-1.5714914798736572,-5.7672167871483
26,-2.228860855102539,-1.5808744430541992,-5.310573255777854
27,-1.7140722274780273,-1.4153293371200562,-5.380487182810839
28,-1.7034292221069336,-1.2093504667282104,-5.555869221080684
29,-1.3433656692504883,-1.0218207836151123,-5.68430498190537
30,-0.5151205062866211,-0.9839410185813904,-5.705946869158879
31,0.3136558532714844,-1.0210654735565186,-5.731363268404266
32,1.0961341857910156,-1.099389672279358,-5.756654140261844
33,1.6823959350585938,-1.245685338973999,-5.605844570953195
34,1.7389278411865234,-1.4445641040802002,-5.333791960141298
35,2.296661376953125,-1.5994822978973389,-5.218853290291918
36,2.9624462127685547,-1.569137692451477,-5.727288456276938
37,3.394742965698242,-1.4761936664581299,-6.356611324698179
38,3.845569610595703,-1.381698489189148,-6.972258467015308
39,4.296361923217773,-1.2825777530670166,-7.573735498439419
40,5.144472122192383,-1.0710188150405884,-7.572225307404551
41,5.539266586303711,-0.9583786129951477,-6.969527763532824
42,5.914196014404297,-0.8452964425086975,-6.353169943081639
43,6.282081604003906,-0.7364174127578735,-5.723751480726605
44,6.393014907836914,-0.5688796043395996,-5.218576164443448
45,5.765375137329102,-0.4318176507949829,-5.335832262990834
46,4.968973159790039,-0.42287886142730713,-5.608762599922102
47,4.394565582275391,-0.2736353278160095,-5.758864387882568
48,4.082172393798828,-0.07793956995010376,-5.731898208195389
49,3.9348812103271484,0.12931430339813232,-5.7085414237053556
50,4.0948944091796875,0.33601880073547363,-5.6875262077955995
51,4.841554641723633,0.4271228313446045,-5.553465854401793
52,5.664335250854492,0.42980337142944336,-5.372586682141218
53,6.323329925537109,0.5593643188476562,-5.29783029472469
54,6.288120269775391,0.7367489337921143,-5.755420109480156
55,5.946355819702148,0.8554884195327759,-6.36945567325688
56,5.583307266235352,0.973371148109436,-6.976566953203019
57,5.196577072143555,1.0875775814056396,-7.578382908574213
58,4.350528717041016,1.2986435890197754,-7.580776619300195
59,3.8912601470947266,1.3955225944519043,-6.9814103791818525
60,3.4167251586914062,1.4863581657409668,-6.376881101043409
61,2.938823699951172,1.5718703269958496,-5.765302011686572
62,2.228055953979492,1.5811326503753662,-5.309846162523854
63,1.7117137908935547,1.4159579277038574,-5.382120004447643
64,1.6987953186035156,1.2100367546081543,-5.558221411209161
65,1.336080551147461,1.022874116897583,-5.687233632422476
66,0.5091304779052734,0.9833152294158936,-5.70936700767902
67,-0.31817626953125,1.0226116180419922,-5.735307725167331
68,-1.0990257263183594,1.102123737335205,-5.758026251170122
69,-1.6868677139282227,1.2477867603302002,-5.603536798208097
70,-1.7355060577392578,1.4464938640594482,-5.327792716599333
71,-2.2972164154052734,1.600602626800537,-5.214784271736335
72,-2.9629898071289062,1.5704126358032227,-5.723534221786167
73,-3.3941783905029297,1.4775657653808594,-6.353929866575527
74,-3.843324661254883,1.382920503616333,-6.970526189063548
75,-4.292278289794922,1.2838001251220703,-7.573350225918375
76,-4.715633392333984,-1.17879056930542,-6.9886253071949795
77,-5.072131156921387,-1.0568968057632446,-6.395652273497262
78,-5.421696662902832,-0.9354727864265442,-5.795046209025486
79,-5.733136177062988,-0.8088224530220032,-5.191912216082301
80,-5.931540489196777,-0.653673529624939,-4.653422896670008
81,-5.494532585144043,-0.47554659843444824,-4.562228215022287
82,-4.681098937988281,-0.44079500436782837,-4.72175035064015
83,-3.9651689529418945,-0.34045934677124023,-4.846456016856337
84,-4.03632926940918,-0.13089555501937866,-4.863094189312733
85,-4.143745422363281,0.07663977146148682,-4.884763113234385
86,-4.157872200012207,0.2853224277496338,-4.948873812569445
87,-4.714983940124512,0.4381895065307617,-4.805971503097453
88,-5.499373435974121,0.4827158451080322,-4.560670709818169
89,-5.944609642028809,0.6605873107910156,-4.605764009900213
90,-5.728839874267578,0.8105872869491577,-5.161068205707124
91,-5.387080192565918,0.9269273281097412,-5.780900238014738
92,-5.026578903198242,1.0439238548278809,-6.38896262932235
93,-4.662541389465332,1.1644108295440674,-6.981508869901518
94,-4.225351333618164,-1.2678089141845703,-6.39765878051162
95,-4.525565147399902,-1.1317782402038574,-5.825202715553587
96,-4.841458320617676,-1.0008294582366943,-5.241935845719354
97,-5.1187744140625,-0.8648414611816406,-4.657599096302874
98,-5.35683536529541,-0.7201749086380005,-4.089634980637811
99,-5.310699462890625,-0.5273470878601074,-3.756095192896055
100,-4.595452308654785,-0.4234533905982971,-3.8764431275646984
101,-3.9016542434692383,-0.3283017873764038,-4.009620926862681
102,-4.128907203674316,-0.12603598833084106,-4.013313363254838
103,-4.238399505615234,0.08555030822753906,-4.033557068527216
104,-3.997610092163086,0.2851661443710327,-4.120063785037928
105,-4.490386962890625,0.4473024606704712,-3.9852328866020343
106,-5.226873397827148,0.5344266891479492,-3.7806222788785817
107,-5.385296821594238,0.7306849956512451,-4.033275114702292
108,-5.119084358215332,0.8666975498199463,-4.622486189146912
109,-4.812437057495117,0.993550181388855,-5.224704797754384
110,-4.482119560241699,1.11903715133667,-5.818376922442667
111,-4.182269096374512,1.255518913269043,-6.38779619021102
112,-3.737093925476074,-1.3551154136657715,-5.79895493876279
113,-3.999386787414551,-1.2106226682662964,-5.243824550108229
114,-4.1725006103515625,-1.043797254562378,-4.759800598670836
115,-4.422208786010742,-0.8985218405723572,-4.201491470318842
116,-4.661679267883301,-0.7557488679885864,-3.62797325054089
117,-4.845066070556641,-0.5974110960960388,-3.1019150049028212
118,-4.505311965942383,-0.40634334087371826,-3.0298844929923234
119,-3.7839174270629883,-0.3179483413696289,-3.1620966969994697
120,-4.042871475219727,-0.11811691522598267,-3.1652184665747427
121,-4.077418327331543,0.09404599666595459,-3.1921257449491804
122,-3.8366174697875977,0.2930670976638794,-3.292341017803892
123,-4.372010231018066,0.43424391746520996,-3.14064985999471
124,-4.854410171508789,0.602405309677124,-3.0626790058549886
125,-4.708991050720215,0.7704499959945679,-3.548917067294269
126,-4.426774024963379,0.8984299898147583,-4.158715598934805
127,-4.144625663757324,1.0345780849456787,-4.738487979411502
128,-3.9826250076293945,1.201904535293579,-5.223189778743063
129,-3.71657657623291,1.3458237648010254,-5.778370378352747
130,-3.228282928466797,-1.4329116344451904,-5.197592813178289
131,-3.453587532043457,-1.279893398284912,-4.661156349354314
132,-3.589144706726074,-1.1060343980789185,-4.203519220429598
133,-3.686065673828125,-0.9223259091377258,-3.8020469071916523
134,-3.8918676376342773,-0.7637380361557007,-3.2837327357860886
135,-4.115391731262207,-0.6252810955047607,-2.6843549085242557
136,-4.237312316894531,-0.4490901231765747,-2.2393863898153086
137,-3.6113853454589844,-0.311010479927063,-2.328565874091055
138,-3.772463798522949,-0.10581749677658081,-2.3524093186076698
139,-3.783662796020508,0.10340070724487305,-2.3882937364010104
140,-3.556192398071289,0.303149938583374,-2.5001521572726233
141,-4.107396125793457,0.4472672939300537,-2.3278909229827605
142,-4.187727928161621,0.6468933820724487,-2.5676105754810123
143,-3.943195343017578,0.7744334936141968,-3.1971255973651296
144,-3.7004499435424805,0.9235377311706543,-3.743655428764214
145,-3.6029157638549805,1.1054983139038086,-4.156583564532639
146,-3.4772844314575195,1.2787559032440186,-4.619494774935902
147,-3.253716468811035,1.4314677715301514,-5.157116989777023
148,-2.606205940246582,-1.4823626279830933,-4.660617547182028
149,-2.873112678527832,-1.3392668962478638,-4.094814433777856
150,-3.0156173706054688,-1.1656743288040161,-3.6321523469596286
151,-3.048921585083008,-0.9733736515045166,-3.286622762491561
152,-3.1458187103271484,-0.787311315536499,-2.899464433844969
153,-3.3272438049316406,-0.6271470785140991,-2.3775495575998775
154,-3.5121450424194336,-0.47641700506210327,-1.8151192685465958
155,-3.5714893341064453,-0.28407353162765503,-1.48382062747487
156,-3.23325252532959,-0.09971755743026733,-1.6982725824025238
157,-3.381898880004883,0.10594236850738525,-1.6359221632826575
158,-3.2040634155273438,0.30904054641723633,-1.7343761903268842
159,-3.574160575866699,0.4957636594772339,-1.6922086439760733
160,-3.395082473754883,0.6412786245346069,-2.2776905894074844
161,-3.2016916275024414,0.798884391784668,-2.8069053660512964
162,-3.105483055114746,0.984458327293396,-3.1959475711103096
163,-3.0918397903442383,1.1760988235473633,-3.5460569740428127
164,-2.9352378845214844,1.3455889225006104,-4.028820823625665
165,-2.659761428833008,1.4869592189788818,-4.597668458981843
166,-1.8927040100097656,-1.373798131942749,-4.5641825798909395
167,-2.102900505065918,-1.3283635377883911,-3.7582899909921252
168,-2.3839330673217773,-1.2119262218475342,-3.104591635049019
169,-2.4928979873657227,-1.0291392803192139,-2.6891346052138942
170,-2.5028791427612305,-0.8323268890380859,-2.380062036546633
171,-2.556729316711426,-0.6400090456008911,-2.0360436087087237
172,-2.7164783477783203,-0.47528982162475586,-1.534309674042106
173,-2.838324546813965,-0.30309706926345825,-1.068778803614805
174,-2.832921028137207,-0.09560292959213257,-0.9484105914450538
175,-2.7614192962646484,0.11145162582397461,-1.0570584079746368
176,-2.870647430419922,0.3180795907974243,-0.9584440921121313
177,-2.7579641342163086,0.48102331161499023,-1.4810271602984812
178,-2.6217002868652344,0.6539634466171265,-1.94602405652995
179,-2.572138786315918,0.8474023342132568,-2.2769007324595805
180,-2.5968093872070312,1.0456507205963135,-2.5653124586888225
181,-2.419344902038574,1.2123801708221436,-3.060084451308512
182,-2.1494922637939453,1.3093633651733398,-3.77005287282509
183,-1.9409379959106445,1.3787283897399902,-4.547688281132878
184,-1.7539358139038086,-1.1702667474746704,-4.720258505915808
185,-1.6829662322998047,-1.1488158702850342,-3.8750401176071136
186,-1.6179208755493164,-1.1282461881637573,-3.0271682734392016
187,-1.7925615310668945,-1.0607118606567383,-2.238134978318385
188,-1.8980169296264648,-0.8784564733505249,-1.8196855686769595
189,-1.8976449966430664,-0.679895281791687,-1.5345008619096916
190,-1.985722541809082,-0.4974157214164734,-1.1173607994826398
191,-2.0460166931152344,-0.30626624822616577,-0.7725225812428107
192,-2.0864200592041016,-0.10223549604415894,-0.5532262347410324
193,-2.0867652893066406,0.10778665542602539,-0.5409824864532311
194,-2.048297882080078,0.3081158399581909,-0.7795308718636988
195,-1.9752426147460938,0.49248194694519043,-1.1729366020420002
196,-1.9309701919555664,0.6883435249328613,-1.4797670584439402
197,-1.9934148788452148,0.8925004005432129,-1.688399370553725
198,-1.7990961074829102,1.0266239643096924,-2.3212041755937207
199,-1.7407426834106445,1.0929508209228516,-3.133152012561368
200,-1.787322998046875,1.1269290447235107,-3.975051649855459
201,-1.7563915252685547,1.18320631980896,-4.795836614924838
202,-1.3507623672485352,-0.991513729095459,-4.842153324240371
203,-1.302194595336914,-0.9759100675582886,-3.999323818681205
204,-1.264430046081543,-0.9470654726028442,-3.1580054697521973
205,-1.2399559020996094,-0.9042788743972778,-2.324796190075631
206,-1.1325197219848633,-0.8945979475975037,-1.4802498560893582
207,-1.2053184509277344,-0.7100003957748413,-1.0739128737761803
208,-1.2230148315429688,-0.5130574703216553,-0.7680055264722796
209,-1.2610435485839844,-0.3161503076553345,-0.44622668937290655
210,-1.288996696472168,-0.10217958688735962,-0.26024144921439074
211,-1.2808055877685547,0.10933876037597656,-0.2748248348918878
212,-1.2684030532836914,0.3162045478820801,-0.4597247459435039
213,-1.238053321838379,0.5110851526260376,-0.7792315373235397
214,-1.279952049255371,0.7167052030563354,-0.9563004705664753
215,-1.2459869384765625,0.8003050088882446,-1.7317043881571408
216,-1.2273492813110352,0.8883068561553955,-2.498499058134712
217,-1.1885595321655273,0.9577702283859253,-3.291687309791996
218,-1.161026954650879,0.999061107635498,-4.119200542847921
219,-1.1594219207763672,1.0405642986297607,-4.947428316419064
220,-0.5124578475952148,-1.0093474388122559,-4.859477069353261
221,-0.49283695220947266,-1.032437801361084,-4.0097406606787445
222,-0.46223926544189453,-1.009669303894043,-3.1629889070482022
223,-0.41663265228271484,-0.9406299591064453,-2.351518074154228
224,-0.4006795883178711,-0.8071362376213074,-1.6926248155464236
225,-0.3777456283569336,-0.7084192037582397,-0.9401170934920628
226,-0.4074735641479492,-0.520539402961731,-0.554983618170354
227,-0.4115877151489258,-0.32145506143569946,-0.2533210277649687
228,-0.4421367645263672,-0.10992443561553955,-0.08071411036098652
229,-0.4521522521972656,0.11167752742767334,-0.08567533896530222
230,-0.4414081573486328,0.31911277770996094,-0.27197150080746724
231,-0.4364461898803711,0.5209792852401733,-0.5417443411377008
232,-0.4537372589111328,0.6895734071731567,-1.0581543586297357
233,-0.4337654113769531,0.845353364944458,-1.6342883760505629
234,-0.42700672149658203,0.9446327686309814,-2.3894283108677428
235,-0.39351940155029297,1.0187561511993408,-3.191723091712902
236,-0.36022090911865234,1.0583443641662598,-4.03394330664355
237,-0.32470130920410156,1.0333750247955322,-4.884577718938544
238,0.31951141357421875,-1.0333373546600342,-4.880972186122563
239,0.35475730895996094,-1.0563350915908813,-4.029327761153354
240,0.3893146514892578,-1.018285870552063,-3.1848992297925633
241,0.4216728210449219,-0.9426802396774292,-2.3838867594936346
242,0.4192466735839844,-0.8464159369468689,-1.6205498862525474
243,0.44995880126953125,-0.6903092861175537,-1.0471514002906588
244,0.4330921173095703,-0.5213578343391418,-0.5329284561323675
245,0.43828392028808594,-0.319009006023407,-0.27186238853960276
246,0.44846534729003906,-0.11172789335250854,-0.08594956802789966
247,0.4386711120605469,0.11016964912414551,-0.07995708365297105
248,0.4102592468261719,0.32147836685180664,-0.2544063568718684
249,0.40400123596191406,0.5205258131027222,-0.5590140129143037
250,0.3744621276855469,0.7074629068374634,-0.9511944026685342
251,0.38951683044433594,0.8090976476669312,-1.6974885190263649
252,0.4097881317138672,0.9434448480606079,-2.3535409962885296
253,0.4567527770996094,1.0104882717132568,-3.167707771234518
254,0.4870452880859375,1.0331792831420898,-4.014165983896646
255,0.5069866180419922,1.0092461109161377,-4.863350072064804
256,1.154083251953125,-1.0396878719329834,-4.94363545811666
257,1.157257080078125,-0.9986541271209717,-4.114738527008967
258,1.1853065490722656,-0.9582945108413696,-3.284895312516255
259,1.2254276275634766,-0.8886324167251587,-2.4930637222425958
260,1.234243392944336,-0.805107593536377,-1.7191844796161604
261,1.2768287658691406,-0.7167548537254333,-0.9538208218596083
262,1.2315216064453125,-0.5109211206436157,-0.7811627279052118
263,1.2656707763671875,-0.3163067698478699,-0.4586442448130583
264,1.277496337890625,-0.10944652557373047,-0.2730520019379128
265,1.285482406616211,0.1014089584350586,-0.2588432672332601
266,1.2591400146484375,0.3163602352142334,-0.4478691669626187
267,1.22149658203125,0.5131576061248779,-0.7662201407795237
268,1.2046089172363281,0.7104159593582153,-1.069250014116733
269,1.12652587890625,0.8937773704528809,-1.4834817035277865
270,1.2309989929199219,0.9041587114334106,-2.3283553743176526
271,1.2576656341552734,0.9470248222351074,-3.161340635886745
272,1.2962970733642578,0.9766973257064819,-4.002453313018805
273,1.3455009460449219,0.9922137260437012,-4.845433451443341
274,1.7561531066894531,-1.1814006567001343,-4.7979995483763105
275,1.7891216278076172,-1.125450849533081,-3.976712473755697
276,1.7410812377929688,-1.0925158262252808,-3.1342431352400126
277,1.7991924285888672,-1.0268160104751587,-2.3215286156114416
278,1.9914817810058594,-0.8922569155693054,-1.6892935117930392
279,1.9245243072509766,-0.6881524324417114,-1.4814095360336523
280,1.970743179321289,-0.49264979362487793,-1.1710285857473082
281,2.045278549194336,-0.30844658613204956,-0.7762208112067128
282,2.0827484130859375,-0.10784190893173218,-0.5410249726460279
283,2.0826492309570312,0.10219430923461914,-0.5537264131016855
284,2.0434703826904297,0.30643558502197266,-0.7710152869938156
285,1.983510971069336,0.49768781661987305,-1.1151466894807527
286,1.8973865509033203,0.6805475950241089,-1.5296641950978938
287,1.8949317932128906,0.8789243698120117,-1.8171277067515348
288,1.7851886749267578,1.060253620147705,-2.241084871931889
289,1.6119403839111328,1.1279897689819336,-3.0301799651513193
290,1.6790332794189453,1.1490840911865234,-3.8777022638239487
291,1.7502479553222656,1.1707165241241455,-4.722840507723504
292,1.9419517517089844,-1.3770740032196045,-4.5525732277092175
293,2.1495437622070312,-1.3082501888275146,-3.773770414694809
294,2.4197959899902344,-1.2119243144989014,-3.062271524642256
295,2.5965957641601562,-1.0452499389648438,-2.566582216496272
296,2.5639915466308594,-0.8465940952301025,-2.2830255033893536
297,2.6151981353759766,-0.6536515951156616,-1.9473855458900289
298,2.7537384033203125,-0.4814583659172058,-1.4783514957475745
299,2.8671035766601562,-0.3183187246322632,-0.9566133234407062
300,2.758565902709961,-0.11167079210281372,-1.0553763409780004
301,2.8253211975097656,0.09579348564147949,-0.9565978739160528
302,2.8369789123535156,0.3037065267562866,-1.063748052149549
303,2.715883255004883,0.47581660747528076,-1.53011030012226
304,2.558187484741211,0.6410465240478516,-2.0296774389562415
305,2.5035457611083984,0.833324670791626,-2.3739729926426207
306,2.4900646209716797,1.0298559665679932,-2.685962624683498
307,2.377573013305664,1.2119715213775635,-3.1054944666459505
308,2.098695755004883,1.3285925388336182,-3.75968141380622
309,1.8919486999511719,1.3741083145141602,-4.566418898584516
310,2.659200668334961,-1.4859764575958252,-4.60129137251306
311,2.935291290283203,-1.3449974060058594,-4.031218396732811
312,3.0931663513183594,-1.1758042573928833,-3.547034156477139
313,3.1011505126953125,-0.9837543964385986,-3.2000474887151995
314,3.19488525390625,-0.7980303168296814,-2.8112273705730786
315,3.389514923095703,-0.6415165662765503,-2.276950943414704
316,3.569704055786133,-0.4965641498565674,-1.6893263420329276
317,3.200960159301758,-0.30966663360595703,-1.7322180848518656
318,3.3768539428710938,-0.10639137029647827,-1.6366453941554937
319,3.2366809844970703,0.099639892578125,-1.7003070916803154
320,3.5681533813476562,0.28444886207580566,-1.482006273923389
321,3.512788772583008,0.4775049686431885,-1.8072303550204651
322,3.329914093017578,0.6285392045974731,-2.368853406410608
323,3.149221420288086,0.7887849807739258,-2.8905655076446237
324,3.0499000549316406,0.9744383096694946,-3.2802585239296604
325,3.013538360595703,1.1663939952850342,-3.628681031889073
326,2.8701438903808594,1.3396363258361816,-4.093206717618614
327,2.6051788330078125,1.4830048084259033,-4.658802228035256
328,3.2554492950439453,-1.4309641122817993,-5.1589767263071735
329,3.4807395935058594,-1.2787646055221558,-4.619623199109583
330,3.6036930084228516,-1.105161428451538,-4.157922845201028
331,3.6959075927734375,-0.9226316809654236,-3.7476230598142592
332,3.937742233276367,-0.7738755345344543,-3.1990123705634232
333,4.182306289672852,-0.6473182439804077,-2.5662085311187184
334,4.106908798217773,-0.447948157787323,-2.3212949415510593
335,3.5563697814941406,-0.3043295741081238,-2.496915481857741
336,3.7836551666259766,-0.10452628135681152,-2.3863673737957924
337,3.783802032470703,0.10473001003265381,-2.3480100664626207
338,3.613128662109375,0.3095005750656128,-2.327586760466147
339,4.233741760253906,0.4491845369338989,-2.23747064875829
340,4.118526458740234,0.6267839670181274,-2.6749075241987157
341,3.895986557006836,0.7654707431793213,-3.273671232855577
342,3.689615249633789,0.923799991607666,-3.793043696699897
343,3.5894012451171875,1.1069388389587402,-4.197928423695657
344,3.451587677001953,1.2802131175994873,-4.658440129801193
345,3.2270450592041016,1.4331812858581543,-5.195472365919613
346,3.7215042114257812,-1.3457531929016113,-5.7787276486103565
347,3.9903087615966797,-1.2027153968811035,-5.221133060773582
348,4.145204544067383,-1.034308910369873,-4.740158459264649
349,4.426351547241211,-0.899002194404602,-4.156638603464216
350,4.705059051513672,-0.7703570127487183,-3.5475015045979035
351,4.851167678833008,-0.6028872728347778,-3.0583164463309913
352,4.371532440185547,-0.43412238359451294,-3.13393993831869
353,3.8348426818847656,-0.2944212555885315,-3.2895900368203
354,4.076866149902344,-0.09546816349029541,-3.1904398155713807
355,4.044834136962891,0.1166912317276001,-3.164073270559811
356,3.7852325439453125,0.31648051738739014,-3.1615250645872948
357,4.504005432128906,0.40698933601379395,-3.0270987505782614
358,4.845272064208984,0.5979599952697754,-3.096903565343382
359,4.66526985168457,0.7572859525680542,-3.619246200302314
360,4.425409317016602,0.899956226348877,-4.193066651406298
361,4.1727142333984375,1.0444004535675049,-4.7536536190493734
362,3.9962234497070312,1.21038818359375,-5.24122709877588
363,3.7346324920654297,1.35487961769104,-5.7968161451935885
364,4.188350677490234,-1.255564570426941,-6.387462094240391
365,4.488716125488281,-1.1195755004882812,-5.8164766309103015
366,4.819408416748047,-0.9950495958328247,-5.219787020938156
367,5.119354248046875,-0.8668281435966492,-4.6189540415730335
368,5.383563995361328,-0.7307794094085693,-4.028903864820677
369,5.2283477783203125,-0.5346062779426575,-3.7730887044194787
370,4.491861343383789,-0.44756364822387695,-3.9781299676426443
371,3.99554443359375,-0.28653383255004883,-4.117073336422209
372,4.2413177490234375,-0.08730113506317139,-4.031196188041122
373,4.130603790283203,0.12439823150634766,-4.012268589150153
374,3.904081344604492,0.32667791843414307,-4.011128221111676
375,4.593744277954102,0.4248260259628296,-3.872517017112159
376,5.309379577636719,0.5282466411590576,-3.7530294278476504
377,5.358829498291016,0.7213624715805054,-4.083069898255417
378,5.119850158691406,0.8657518625259399,-4.651789109437914
379,4.8392486572265625,1.0007891654968262,-5.238230856588416
380,4.522176742553711,1.1313464641571045,-5.822433388259469
381,4.222070693969727,1.267275094985962,-6.395465913606131
382,4.668365478515625,-1.164021372795105,-6.980286426263319
383,5.033535003662109,-1.0442439317703247,-6.3861035016661845
384,5.390695571899414,-0.9270089864730835,-5.776852462555553
385,5.729038238525391,-0.8101449608802795,-5.156667022371494
386,5.944648742675781,-0.6605679988861084,-4.5993399044302805
387,5.500406265258789,-0.4825557470321655,-4.552897667726938
388,4.715068817138672,-0.4394571781158447,-4.799391936785696
389,4.156064987182617,-0.28721094131469727,-4.945684451323814
390,4.146018981933594,-0.07850855588912964,-4.8825451408513345
391,4.035430908203125,0.12895643711090088,-4.861844709006391
392,3.9653759002685547,0.3385331630706787,-4.847308637498145
393,4.678525924682617,0.44057929515838623,-4.718852599172351
394,5.491582870483398,0.47671806812286377,-4.559674215478026
395,5.931875228881836,0.6544694900512695,-4.64807736113994
396,5.733022689819336,0.8094427585601807,-5.18709486117632
397,5.418891906738281,0.9352611303329468,-5.7916096553854
398,5.068302154541016,1.0562801361083984,-6.392961159421702
399,4.712381362915039,1.178191900253296,-6.986271185875921
